8 3 1 2 3 3 8 9 0 5 1 3 8 6 7 3 5 4 5 8 
9 0 0 5 9 8 5 5 7 7 0 3 7 4 6 1 8 8 5 2 
5 3 1 9 1 6 3 5 4 8 1 1 2 6 5 9 8 7 6 3 
2 1 1 8 2 1 2 0 1 4 5 2 3 7 5 5 7 1 4 3 
8 9 1 7 1 6 6 8 5 9 9 8 9 5 2 3 9 6 3 2 
6 3 7 5 6 1 5 9 3 9 9 6 2 6 7 4 2 1 4 2 
7 2 0 0 0 8 9 1 2 6 8 6 5 6 0 2 5 4 8 1 
7 6 0 6 5 0 9 9 9 3 1 2 5 7 7 8 1 2 7 0 
3 5 5 3 5 5 8 5 9 4 9 3 1 3 7 3 8 2 5 8 
7 6 5 1 0 9 5 5 3 4 1 3 2 1 7 8 4 8 1 5 
0 1 8 4 1 4 1 3 1 8 8 5 4 6 6 7 1 1 0 3 
5 9 8 8 6 9 3 7 0 7 5 9 9 6 7 6 5 5 2 7 
3 8 5 7 5 9 3 8 9 5 1 9 6 7 9 4 5 3 7 9 
0 5 9 8 1 8 0 9 0 6 5 2 0 8 6 9 9 2 4 2 
1 3 0 0 4 7 5 4 6 5 3 5 3 5 0 0 2 3 3 7 
1 5 0 5 1 4 3 2 5 6 2 9 1 1 9 4 1 1 7 0 
8 9 0 0 4 6 5 2 0 4 1 6 9 9 9 6 3 8 1 0 
9 9 5 0 7 5 8 6 2 3 6 8 6 6 0 1 0 9 7 6 
2 0 5 0 8 8 0 4 3 0 1 5 1 6 8 5 9 5 7 7 
2 5 6 8 9 3 8 2 7 7 6 0 6 2 6 3 1 0 5 4 
