0 0 9 8 0 6 3 7 0 9 6 7 7 7 7 4 3 9 4 6 
4 9 4 9 1 3 7 9 9 2 4 6 8 1 9 0 7 4 1 6 
8 1 1 5 3 6 8 7 3 8 2 1 1 1 7 9 2 7 9 6 
1 2 9 7 4 7 4 0 3 5 0 9 9 2 9 2 4 9 4 2 
8 6 3 2 8 9 0 2 2 8 5 4 1 2 9 9 7 5 6 9 
8 0 4 3 2 7 2 8 7 5 8 9 3 6 7 5 2 2 4 7 
5 6 0 2 9 0 8 8 5 3 5 1 9 6 1 8 1 2 5 1 
9 8 6 1 7 1 8 0 4 4 0 5 8 1 6 6 7 2 7 0 
3 9 8 6 7 8 7 4 8 7 0 0 9 3 9 2 4 4 0 1 
7 1 4 3 9 5 8 3 9 3 4 9 5 6 5 1 4 7 3 6 
2 6 7 4 7 7 3 6 3 7 8 2 3 9 8 3 7 4 2 0 
3 5 2 2 4 5 4 5 5 7 7 9 1 4 5 7 8 3 3 7 
5 3 4 7 9 3 3 5 0 7 8 5 4 3 0 7 4 7 9 8 
9 1 6 9 5 1 0 8 3 3 5 7 9 3 1 4 7 9 0 5 
3 9 9 8 9 7 2 1 8 4 8 7 6 6 6 6 1 3 5 9 
9 1 4 6 4 9 4 7 6 1 2 9 3 8 5 4 8 1 3 4 
8 9 8 7 5 2 0 5 6 0 1 6 0 6 8 1 0 0 3 6 
8 8 8 2 6 2 9 9 7 5 8 3 3 6 2 0 7 1 7 5 
4 2 8 9 6 1 3 2 9 0 3 4 9 0 5 5 4 8 0 2 
9 5 3 2 2 5 1 2 0 8 9 7 6 7 4 1 2 8 0 3 
