1 4 6 1 4 8 5 5 6 5 3 4 8 2 2 9 1 0 0 5 
8 7 8 4 0 5 3 6 5 4 8 9 0 3 0 3 6 2 0 1 
3 0 5 5 7 2 4 6 3 2 8 7 5 4 5 7 8 2 9 6 
9 5 2 0 3 9 6 5 7 4 7 8 7 1 8 3 6 7 9 6 
7 9 6 5 5 2 5 4 3 3 7 2 9 8 9 3 6 5 2 8 
2 0 9 1 0 3 5 7 8 1 9 5 2 5 4 8 8 8 8 4 
9 5 2 0 6 5 4 7 4 0 3 2 8 6 3 5 5 5 3 7 
6 4 7 2 1 6 2 4 8 0 7 9 3 7 5 5 0 9 3 5 
3 2 1 9 3 2 8 2 4 0 2 2 0 4 7 4 9 6 5 7 
8 0 1 3 3 8 3 3 3 6 0 2 9 4 9 1 8 9 6 0 
5 6 6 4 2 3 0 9 1 7 1 8 5 0 7 0 5 5 2 4 
5 0 8 6 1 2 8 3 1 4 1 6 0 0 5 5 7 5 2 9 
4 2 3 5 6 3 2 1 3 9 8 6 5 1 2 2 9 7 8 5 
0 3 8 4 4 3 2 5 7 5 4 6 1 7 7 9 7 7 4 2 
4 9 0 8 3 5 1 4 9 4 9 7 9 6 5 3 4 3 9 6 
9 3 5 2 2 2 6 5 8 5 3 3 1 4 6 4 5 9 6 4 
9 7 1 3 0 1 0 0 0 8 0 1 7 1 2 4 9 4 4 5 
1 1 1 5 1 6 3 9 9 7 7 4 9 6 1 2 3 7 0 0 
5 7 5 9 5 3 6 8 7 2 2 5 8 7 7 3 9 0 5 0 
5 6 5 7 6 5 0 6 4 1 9 0 6 3 7 0 0 5 8 3 
