6 9 6 3 9 5 9 8 5 4 3 7 9 5 5 6 7 8 3 6 
8 4 9 2 8 3 8 6 1 0 3 7 1 5 3 2 7 1 5 3 
8 2 0 3 7 5 9 3 4 4 2 2 7 2 3 5 1 9 9 9 
2 4 2 6 5 8 8 8 3 4 1 8 1 5 9 1 7 4 4 4 
1 8 9 0 8 4 0 6 2 5 0 6 2 7 3 2 8 4 7 6 
3 2 6 7 4 1 8 0 5 6 8 6 9 9 1 3 5 1 7 9 
7 3 1 6 4 4 2 0 2 1 6 5 3 9 5 2 3 2 6 9 
6 9 0 7 6 8 0 1 6 5 6 9 0 5 0 9 7 2 9 4 
9 2 5 1 4 5 9 3 7 1 0 3 6 9 8 9 6 2 2 6 
4 8 3 9 2 9 3 4 9 7 5 1 6 5 0 1 7 5 0 8 
6 7 4 8 5 9 8 2 9 1 4 9 6 1 8 3 5 1 0 1 
2 1 6 1 8 5 2 9 1 1 2 0 5 9 8 0 0 3 7 2 
9 6 2 5 0 0 8 9 5 5 9 5 8 4 0 1 1 5 2 8 
1 3 2 6 3 7 1 3 8 8 9 2 3 0 1 7 4 4 8 0 
0 8 7 6 5 2 0 9 9 9 5 6 1 1 9 0 2 7 2 8 
1 4 7 4 3 5 8 3 3 0 3 1 3 5 8 6 9 5 5 8 
2 0 1 6 1 0 3 9 9 2 3 6 5 3 4 1 6 7 7 4 
9 6 7 1 4 8 4 2 8 7 8 7 6 2 7 3 2 1 4 5 
8 4 4 7 3 1 7 2 7 1 0 9 9 4 4 2 8 4 0 0 
3 1 3 5 9 0 0 2 9 1 3 8 0 9 1 8 2 5 6 7 
