 12.990381   0.000000   0.000000  -0.000000   0.000000   0.000000  18.750000   0.000000   0.000000 -16.875000   0.000000   0.000000  -0.000000   0.000000   0.000000   9.742786   0.000000   0.000000   0.000000   0.000000
  0.000000 -24.240381   0.000000   0.000000   3.718600   0.000000   0.000000   9.864482   0.000000   0.000000 -14.186893   0.000000   0.000000   0.000000   0.000000   0.000000   0.000000   0.000000   0.000000   0.000000
  0.000000   0.000000  25.980762   0.000000   0.000000  15.000000   0.000000   0.000000  -0.000000   0.000000   0.000000   0.000000   0.000000   0.000000  -0.000000   0.000000   0.000000   0.000000   0.000000   0.000000
-22.500000   0.000000   0.000000  -0.000000   0.000000   0.000000  19.485572   0.000000   0.000000   3.247595   0.000000   0.000000   0.000000   0.000000   0.000000  -1.875000   0.000000   0.000000   0.000000   0.000000
  0.000000   3.884619   0.000000   0.000000  -1.241962   0.000000   0.000000 -20.682990   0.000000   0.000000 -21.344348   0.000000   0.000000   0.000000   0.000000   0.000000   0.000000   0.000000   0.000000   0.000000
  0.000000   0.000000  -6.746393   0.000000   0.000000  11.685095   0.000000   0.000000  19.368988   0.000000   0.000000  13.192309   0.000000   0.000000 -12.990381   0.000000   0.000000   0.000000   0.000000   0.000000
-12.990381   0.000000   0.000000  12.990381   0.000000   0.000000 -11.250000   0.000000   0.000000 -15.000000   0.000000   0.000000   5.625000   0.000000   0.000000  12.990381   0.000000   0.000000  -3.247595   0.000000
  0.000000 -14.932691   0.000000   0.000000 -12.076733   0.000000   0.000000 -14.638967   0.000000   0.000000  12.170371   0.000000   0.000000 -12.990381   0.000000   0.000000   0.000000   0.000000   0.000000   0.000000
  0.000000   0.000000   6.118387   0.000000   0.000000 -10.597357   0.000000   0.000000  -4.929685   0.000000   0.000000  26.149036   0.000000   0.000000   6.495191   0.000000   0.000000   0.000000   0.000000   0.000000
 -3.750000   0.000000   0.000000 -22.500000   0.000000   0.000000  -3.247595   0.000000   0.000000   1.188702   0.000000   0.000000  12.555286   0.000000   0.000000  13.308893   0.000000   0.000000   5.741583   0.000000
  0.000000  -4.310696   0.000000   0.000000  23.935622   0.000000   0.000000  -9.503248   0.000000   0.000000   7.031512   0.000000   0.000000  -0.000000   0.000000   0.000000   6.495191   0.000000   0.000000 -11.250000
  0.000000   0.000000  -3.247595   0.000000   0.000000   5.625000   0.000000   0.000000  13.492786   0.000000   0.000000  -0.870191   0.000000   0.000000  25.980762   0.000000   0.000000  -0.000000   0.000000   0.000000
 -6.495191   0.000000   0.000000 -12.990381   0.000000   0.000000  -5.625000   0.000000   0.000000 -15.686298   0.000000   0.000000 -18.498798   0.000000   0.000000  -7.683893   0.000000   0.000000   3.180286   0.000000
  0.000000  -7.466345   0.000000   0.000000  -2.384822   0.000000   0.000000  -8.022608   0.000000   0.000000   6.553935   0.000000   0.000000  25.980762   0.000000   0.000000  -3.750000   0.000000   0.000000   6.495191
  0.000000   0.000000  11.467548   0.000000   0.000000 -19.862375   0.000000   0.000000  17.846155   0.000000   0.000000  -6.436899   0.000000   0.000000  -3.750000   0.000000   0.000000   0.000000   0.000000   0.000000
  0.000000   0.000000   0.000000  -6.495191   0.000000   0.000000  -0.000000   0.000000   0.000000   3.566107   0.000000   0.000000  -5.808893   0.000000   0.000000   6.176679   0.000000   0.000000 -27.806488   0.000000
  0.000000   0.000000   0.000000   0.000000  12.656250   0.000000   0.000000  -2.435696   0.000000   0.000000   1.623798   0.000000   0.000000  -7.500000   0.000000   0.000000 -12.990381   0.000000   0.000000  22.500000
  0.000000   0.000000  -0.000000   0.000000   0.000000   0.000000   0.000000   0.000000   0.000000   0.000000   0.000000  -0.000000   0.000000   0.000000   0.000000   0.000000   0.000000  30.000000   0.000000   0.000000
  0.000000   0.000000   0.000000  -3.750000   0.000000   0.000000  -0.000000   0.000000   0.000000 -10.931488   0.000000   0.000000  18.296869   0.000000   0.000000 -18.933893   0.000000   0.000000  -8.554083   0.000000
  0.000000   0.000000   0.000000   0.000000   0.000000   0.000000   0.000000  -0.000000   0.000000   0.000000   0.000000   0.000000   0.000000  -0.000000   0.000000   0.000000 -25.980762   0.000000   0.000000 -15.000000
