 20.000000   0.000000   0.000000   0.000000   0.000000   0.000000   0.000000   0.000000   0.000000   0.000000   0.000000   0.000000   0.000000   0.000000   0.000000   0.000000   0.000000   0.000000   0.000000   0.000000
  0.000000  16.160254   0.000000   0.000000 -10.669873   0.000000   0.000000   5.000000   0.000000   0.000000   0.000000   0.000000   0.000000   0.000000   0.000000   0.000000  -0.000000   0.000000   0.000000  -0.000000
  0.000000   0.000000  -8.660254   0.000000   0.000000  10.825318   0.000000   0.000000 -13.750000   0.000000   0.000000   2.165064   0.000000   0.000000   1.875000   0.000000   0.000000  -3.247595   0.000000   0.000000
  0.000000   0.000000   0.000000   0.000000   0.000000   0.000000 -17.320508   0.000000   0.000000  10.000000   0.000000   0.000000  -0.000000   0.000000   0.000000  -0.000000   0.000000   0.000000   0.000000   0.000000
  0.000000  -9.084936   0.000000   0.000000 -15.245191   0.000000   0.000000  -3.169873   0.000000   0.000000   3.459936   0.000000   0.000000   6.997595   0.000000   0.000000  -3.750000   0.000000   0.000000  -0.000000
  0.000000   0.000000  -1.004809   0.000000   0.000000  -2.248798   0.000000   0.000000   4.475159   0.000000   0.000000  15.406647   0.000000   0.000000   5.842548   0.000000   0.000000 -10.119589   0.000000   0.000000
  0.000000   0.000000   0.000000 -13.995191   0.000000   0.000000   1.433893   0.000000   0.000000   2.483575   0.000000   0.000000   8.872595   0.000000   0.000000  10.825318   0.000000   0.000000   0.000000   0.000000
  0.000000   0.000000   0.000000   0.000000  -0.000000   0.000000   0.000000  -0.000000   0.000000   0.000000  10.245191   0.000000   0.000000 -11.405445   0.000000   0.000000 -11.830127   0.000000   0.000000   5.000000
  0.000000   0.000000   8.370191   0.000000   0.000000   0.072516   0.000000   0.000000  -4.958133   0.000000   0.000000   2.282452   0.000000   0.000000  14.811598   0.000000   0.000000   8.986575   0.000000   0.000000
  0.000000   0.000000   0.000000  -1.160254   0.000000   0.000000  -8.872595   0.000000   0.000000 -15.367786   0.000000   0.000000  -5.245191   0.000000   0.000000   7.500000   0.000000   0.000000   0.000000   0.000000
  0.000000  -0.245191   0.000000   0.000000  -5.915064   0.000000   0.000000 -11.830127   0.000000   0.000000  -5.992786   0.000000   0.000000 -12.120191   0.000000   0.000000   6.495191   0.000000   0.000000   0.000000
  0.000000   0.000000  14.497595   0.000000   0.000000   0.125601   0.000000   0.000000  -8.587738   0.000000   0.000000   3.953323   0.000000   0.000000  -8.986575   0.000000   0.000000  -4.434795   0.000000   0.000000
  0.000000   0.000000   0.000000 -14.240381   0.000000   0.000000  -0.686298   0.000000   0.000000  -1.188702   0.000000   0.000000  -8.292468   0.000000   0.000000 -11.250000   0.000000   0.000000  -0.000000   0.000000
  0.000000  -3.750000   0.000000   0.000000  -2.165064   0.000000   0.000000   7.500000   0.000000   0.000000  10.625000   0.000000   0.000000  -5.412659   0.000000   0.000000  11.250000   0.000000   0.000000  -7.500000
  0.000000   0.000000   4.330127   0.000000   0.000000  16.237976   0.000000   0.000000   9.375000   0.000000   0.000000   3.247595   0.000000   0.000000  -2.187500   0.000000   0.000000   3.788861   0.000000   0.000000
  0.000000   0.000000   0.000000   0.000000   0.000000   0.000000  -4.330127   0.000000   0.000000  -7.500000   0.000000   0.000000  15.000000   0.000000   0.000000 -10.000000   0.000000   0.000000  -0.000000   0.000000
  0.000000   6.495191   0.000000   0.000000   3.750000   0.000000   0.000000 -12.990381   0.000000   0.000000  10.747595   0.000000   0.000000   6.205127   0.000000   0.000000   1.495191   0.000000   0.000000  -4.330127
  0.000000   0.000000   5.000000   0.000000   0.000000   3.750000   0.000000   0.000000   2.165064   0.000000   0.000000 -11.250000   0.000000   0.000000   7.577722   0.000000   0.000000 -13.125000   0.000000   0.000000
  0.000000   0.000000   0.000000   0.000000   0.000000   0.000000   0.000000   0.000000   0.000000   0.000000   0.000000   0.000000   0.000000   0.000000   0.000000  -0.000000   0.000000   0.000000  20.000000   0.000000
  0.000000   0.000000   0.000000   0.000000   0.000000   0.000000   0.000000   0.000000   0.000000   0.000000   4.330127   0.000000   0.000000   2.500000   0.000000   0.000000   8.660254   0.000000   0.000000  17.320508
