 -4.330127   0.000000   0.000000   7.500000   0.000000   0.000000  -5.000000   0.000000   0.000000  -0.000000   0.000000   0.000000   0.000000   0.000000   0.000000   0.000000   0.000000   0.000000   0.000000   0.000000
  0.000000  -0.580127   0.000000   0.000000   0.251202   0.000000   0.000000  -8.995191   0.000000   0.000000   0.323718   0.000000   0.000000  -4.310696   0.000000   0.000000   0.000000   0.000000   0.000000   0.000000
  0.000000   0.000000   5.000000   0.000000   0.000000   0.000000   0.000000   0.000000  -8.660254   0.000000   0.000000  -0.000000   0.000000   0.000000   0.000000   0.000000   0.000000   0.000000   0.000000   0.000000
  8.660254   0.000000   0.000000   5.000000   0.000000   0.000000   0.000000   0.000000   0.000000   0.000000   0.000000   0.000000   0.000000   0.000000   0.000000   0.000000   0.000000   0.000000   0.000000   0.000000
  0.000000  -9.665064   0.000000   0.000000  -0.145032   0.000000   0.000000  -0.580127   0.000000   0.000000  -0.186899   0.000000   0.000000   2.488782   0.000000   0.000000   0.000000   0.000000   0.000000   0.000000
  0.000000   0.000000  -4.556565   0.000000   0.000000  -5.334936   0.000000   0.000000  -2.630734   0.000000   0.000000  -5.286507   0.000000   0.000000   3.980819   0.000000   0.000000  -0.247646   0.000000   0.000000
  1.467548   0.000000   0.000000  -2.541867   0.000000   0.000000  -5.083734   0.000000   0.000000  -5.808893   0.000000   0.000000  -2.732872   0.000000   0.000000  -1.386819   0.000000   0.000000   4.733473   0.000000
  0.000000   2.165064   0.000000   0.000000   4.397436   0.000000   0.000000  -3.750000   0.000000   0.000000   0.666867   0.000000   0.000000   7.840143   0.000000   0.000000   0.000000   0.000000   0.000000   0.000000
  0.000000   0.000000   0.986553   0.000000   0.000000  -8.080127   0.000000   0.000000   0.569587   0.000000   0.000000   5.222607   0.000000   0.000000  -2.336088   0.000000   0.000000   0.825170   0.000000   0.000000
 -1.104217   0.000000   0.000000   1.912560   0.000000   0.000000   3.825119   0.000000   0.000000   3.240483   0.000000   0.000000  -1.783879   0.000000   0.000000  -3.428335   0.000000   0.000000   7.419896   0.000000
  0.000000   1.250000   0.000000   0.000000  -8.621393   0.000000   0.000000  -2.165064   0.000000   0.000000  -2.449921   0.000000   0.000000   3.663260   0.000000   0.000000   0.000000   0.000000   0.000000   0.000000
  0.000000   0.000000  -6.535005   0.000000   0.000000   2.500000   0.000000   0.000000  -3.772987   0.000000   0.000000   5.598457   0.000000   0.000000   0.944612   0.000000   0.000000   2.138521   0.000000   0.000000
 -1.046274   0.000000   0.000000   1.812199   0.000000   0.000000   3.624399   0.000000   0.000000  -4.093149   0.000000   0.000000   1.148888   0.000000   0.000000   7.439803   0.000000   0.000000   3.010067   0.000000
  0.000000   0.000000   0.000000   0.000000   2.500000   0.000000   0.000000   0.000000   0.000000   0.000000  -9.665064   0.000000   0.000000  -0.580127   0.000000   0.000000   0.000000   0.000000   0.000000   0.000000
  0.000000   0.000000   0.106171   0.000000   0.000000   0.000000   0.000000   0.000000   0.061298   0.000000   0.000000   2.957532   0.000000   0.000000   3.537659   0.000000   0.000000  -8.872595   0.000000   0.000000
 -1.335036   0.000000   0.000000   2.312350   0.000000   0.000000   4.624699   0.000000   0.000000  -5.857872   0.000000   0.000000  -2.429061   0.000000   0.000000  -4.519482   0.000000   0.000000  -3.292743   0.000000
  0.000000   0.000000   0.000000   0.000000   0.000000   0.000000   0.000000   0.000000   0.000000   0.000000   0.000000   0.000000   0.000000   0.000000   0.000000   0.000000   5.000000   0.000000   0.000000  -8.660254
  0.000000   0.000000  -3.247595   0.000000   0.000000  -0.000000   0.000000   0.000000  -1.875000   0.000000   0.000000  -2.165064   0.000000   0.000000  -8.080127   0.000000   0.000000  -3.995191   0.000000   0.000000
 -0.000000   0.000000   0.000000   0.000000   0.000000   0.000000   0.000000   0.000000   0.000000  -2.165064   0.000000   0.000000   9.062500   0.000000   0.000000  -3.247595   0.000000   0.000000   1.623798   0.000000
  0.000000   0.000000   0.000000   0.000000   0.000000   0.000000   0.000000   0.000000   0.000000   0.000000   0.000000   0.000000   0.000000   0.000000   0.000000   0.000000   8.660254   0.000000   0.000000   5.000000
