 90.000000   0.000000   0.000000   0.000000   0.000000   0.000000   0.000000   0.000000   0.000000   0.000000   0.000000   0.000000   0.000000   0.000000   0.000000   0.000000   0.000000   0.000000   0.000000   0.000000
  0.000000  22.500000   0.000000   0.000000  77.942286   0.000000   0.000000  -8.437500   0.000000   0.000000  24.356964   0.000000   0.000000  29.228357   0.000000   0.000000   0.000000   0.000000   0.000000   0.000000
  0.000000   0.000000 -38.971143   0.000000   0.000000  67.500000   0.000000   0.000000 -45.000000   0.000000   0.000000  -0.000000   0.000000   0.000000  -0.000000   0.000000   0.000000   0.000000   0.000000   0.000000
  0.000000   0.000000   0.000000  19.485572   0.000000   0.000000  28.125000   0.000000   0.000000  48.713929   0.000000   0.000000  33.750000   0.000000   0.000000 -58.456715   0.000000   0.000000  -0.000000   0.000000
  0.000000 -38.971143   0.000000   0.000000  45.000000   0.000000   0.000000  14.614179   0.000000   0.000000 -42.187500   0.000000   0.000000 -50.625000   0.000000   0.000000   0.000000   0.000000   0.000000   0.000000
  0.000000   0.000000  22.500000   0.000000   0.000000 -38.971143   0.000000   0.000000 -77.942286   0.000000   0.000000  -0.000000   0.000000   0.000000   0.000000   0.000000   0.000000  -0.000000   0.000000   0.000000
  0.000000   0.000000   0.000000  48.713929   0.000000   0.000000  25.312500   0.000000   0.000000  43.842536   0.000000   0.000000 -28.125000   0.000000   0.000000  48.713929   0.000000   0.000000   0.000000   0.000000
  0.000000 -67.500000   0.000000   0.000000  -0.000000   0.000000   0.000000 -47.812500   0.000000   0.000000  34.099750   0.000000   0.000000   9.742786   0.000000   0.000000   0.000000   0.000000   0.000000   0.000000
  0.000000   0.000000 -70.110572   0.000000   0.000000 -40.478357   0.000000   0.000000  -0.000000   0.000000   0.000000  -5.221143   0.000000   0.000000 -33.750000   0.000000   0.000000 -19.485572   0.000000   0.000000
  0.000000   0.000000   0.000000 -73.125000   0.000000   0.000000  24.356964   0.000000   0.000000  42.187500   0.000000   0.000000  -9.742786   0.000000   0.000000  16.875000   0.000000   0.000000   0.000000   0.000000
  0.000000 -38.971143   0.000000   0.000000  -0.000000   0.000000   0.000000  63.328108   0.000000   0.000000  -2.812500   0.000000   0.000000  50.625000   0.000000   0.000000   0.000000   0.000000   0.000000  -0.000000
  0.000000   0.000000   4.521643   0.000000   0.000000   2.610572   0.000000   0.000000  -0.000000   0.000000   0.000000  86.985572   0.000000   0.000000 -19.485572   0.000000   0.000000 -11.250000   0.000000   0.000000
  0.000000   0.000000   0.000000   0.000000   0.000000   0.000000 -38.971143   0.000000   0.000000  22.500000   0.000000   0.000000  33.750000   0.000000   0.000000  19.485572   0.000000   0.000000 -67.500000   0.000000
  0.000000   0.000000   0.000000   0.000000   0.000000   0.000000   0.000000  16.875000   0.000000   0.000000  29.228357   0.000000   0.000000 -19.485572   0.000000   0.000000 -56.250000   0.000000   0.000000 -58.456715
  0.000000   0.000000 -33.750000   0.000000   0.000000 -19.485572   0.000000   0.000000  -0.000000   0.000000   0.000000  22.500000   0.000000   0.000000  67.500000   0.000000   0.000000  38.971143   0.000000   0.000000
  0.000000   0.000000   0.000000   0.000000   0.000000   0.000000  67.500000   0.000000   0.000000 -38.971143   0.000000   0.000000  19.485572   0.000000   0.000000  11.250000   0.000000   0.000000 -38.971143   0.000000
  0.000000   0.000000   0.000000   0.000000   0.000000   0.000000   0.000000 -19.485572   0.000000   0.000000 -33.750000   0.000000   0.000000  22.500000   0.000000   0.000000  38.971143   0.000000   0.000000 -67.500000
  0.000000   0.000000   0.000000   0.000000   0.000000   0.000000   0.000000   0.000000  -0.000000   0.000000   0.000000   0.000000   0.000000   0.000000 -45.000000   0.000000   0.000000  77.942286   0.000000   0.000000
  0.000000   0.000000   0.000000   0.000000   0.000000   0.000000   0.000000   0.000000   0.000000   0.000000   0.000000   0.000000 -67.500000   0.000000   0.000000 -38.971143   0.000000   0.000000 -45.000000   0.000000
  0.000000   0.000000   0.000000   0.000000   0.000000   0.000000   0.000000  29.228357   0.000000   0.000000  50.625000   0.000000   0.000000 -33.750000   0.000000   0.000000  58.456715   0.000000   0.000000 -11.250000
