  0.000000   0.000000   0.000000  30.310889   0.000000   0.000000 -61.250000   0.000000   0.000000  15.155445   0.000000   0.000000  -0.000000   0.000000   0.000000   0.000000   0.000000   0.000000   0.000000   0.000000
  0.000000 -30.310889   0.000000   0.000000  28.437500   0.000000   0.000000 -53.044056   0.000000   0.000000 -18.944306   0.000000   0.000000   0.000000   0.000000   0.000000   0.000000   0.000000   0.000000   0.000000
  0.000000   0.000000  30.310889   0.000000   0.000000 -35.000000   0.000000   0.000000 -52.500000   0.000000   0.000000   0.000000   0.000000   0.000000   0.000000   0.000000   0.000000   0.000000   0.000000   0.000000
 70.000000   0.000000   0.000000  -0.000000   0.000000   0.000000   0.000000   0.000000   0.000000  -0.000000   0.000000   0.000000   0.000000   0.000000   0.000000   0.000000   0.000000   0.000000   0.000000   0.000000
  0.000000 -35.000000   0.000000   0.000000  37.888611   0.000000   0.000000  26.250000   0.000000   0.000000  39.375000   0.000000   0.000000   0.000000   0.000000   0.000000   0.000000   0.000000   0.000000   0.000000
  0.000000   0.000000  17.500000   0.000000   0.000000  60.621778   0.000000   0.000000 -30.310889   0.000000   0.000000   0.000000   0.000000   0.000000   0.000000   0.000000   0.000000   0.000000   0.000000   0.000000
  0.000000   0.000000   0.000000  52.500000   0.000000   0.000000  15.155445   0.000000   0.000000 -43.750000   0.000000   0.000000  -0.000000   0.000000   0.000000   0.000000   0.000000   0.000000   0.000000   0.000000
  0.000000 -26.250000   0.000000   0.000000 -43.571903   0.000000   0.000000 -19.687500   0.000000   0.000000  31.718750   0.000000   0.000000  15.155445   0.000000   0.000000  13.125000   0.000000   0.000000 -22.733167
  0.000000   0.000000   0.000000   0.000000   0.000000   0.000000   0.000000   0.000000   0.000000   0.000000   0.000000 -43.435889   0.000000   0.000000  40.233167   0.000000   0.000000  37.344555   0.000000   0.000000
  0.000000   0.000000   0.000000   8.750000   0.000000   0.000000   7.577722   0.000000   0.000000  13.125000   0.000000   0.000000  60.621778   0.000000   0.000000  26.250000   0.000000   0.000000  15.155445   0.000000
  0.000000 -45.466334   0.000000   0.000000 -22.968750   0.000000   0.000000  26.522028   0.000000   0.000000 -35.994181   0.000000   0.000000  -8.750000   0.000000   0.000000  -7.577722   0.000000   0.000000  13.125000
  0.000000   0.000000  60.621778   0.000000   0.000000   0.000000   0.000000   0.000000  35.000000   0.000000   0.000000   0.000000   0.000000   0.000000  -0.000000   0.000000   0.000000  -0.000000   0.000000   0.000000
  0.000000   0.000000   0.000000  15.155445   0.000000   0.000000  13.125000   0.000000   0.000000  22.733167   0.000000   0.000000 -35.000000   0.000000   0.000000  45.466334   0.000000   0.000000  26.250000   0.000000
  0.000000   0.000000   0.000000   0.000000 -13.125000   0.000000   0.000000 -15.155445   0.000000   0.000000  22.733167   0.000000   0.000000   0.000000   0.000000   0.000000 -15.155445   0.000000   0.000000  61.250000
  0.000000   0.000000   0.000000   0.000000   0.000000   0.000000   0.000000   0.000000   0.000000   0.000000   0.000000  37.344555   0.000000   0.000000  56.560889   0.000000   0.000000 -17.500000   0.000000   0.000000
  0.000000   0.000000   0.000000  30.310889   0.000000   0.000000  26.250000   0.000000   0.000000  45.466334   0.000000   0.000000  -0.000000   0.000000   0.000000 -30.310889   0.000000   0.000000 -17.500000   0.000000
  0.000000   0.000000   0.000000   0.000000   6.562500   0.000000   0.000000   7.577722   0.000000   0.000000 -11.366583   0.000000   0.000000  37.344555   0.000000   0.000000  53.358167   0.000000   0.000000  20.702722
  0.000000   0.000000   0.000000   0.000000   0.000000   0.000000   0.000000   0.000000   0.000000   0.000000   0.000000  40.233167   0.000000   0.000000  -9.064111   0.000000   0.000000  56.560889   0.000000   0.000000
  0.000000   0.000000   0.000000   0.000000   0.000000   0.000000   0.000000   0.000000   0.000000   0.000000   0.000000   0.000000  -0.000000   0.000000   0.000000  35.000000   0.000000   0.000000 -60.621778   0.000000
  0.000000   0.000000   0.000000   0.000000  -3.788861   0.000000   0.000000  -4.375000   0.000000   0.000000   6.562500   0.000000   0.000000 -56.560889   0.000000   0.000000  39.919056   0.000000   0.000000   5.547278
