 74.228357   0.000000   0.000000  50.019215   0.000000   0.000000   9.393036   0.000000   0.000000   0.000000   0.000000   0.000000  -0.000000   0.000000   0.000000  -0.000000   0.000000   0.000000  -0.000000   0.000000
  0.000000 -67.500000   0.000000   0.000000  -6.728357   0.000000   0.000000 -55.846143   0.000000   0.000000  19.485572   0.000000   0.000000   0.000000   0.000000   0.000000   0.000000   0.000000   0.000000   0.000000
  0.000000   0.000000  90.000000   0.000000   0.000000   0.000000   0.000000   0.000000   0.000000   0.000000   0.000000   0.000000   0.000000   0.000000   0.000000   0.000000   0.000000   0.000000   0.000000   0.000000
 -0.000000   0.000000   0.000000   0.000000   0.000000   0.000000   0.000000   0.000000   0.000000 -61.875000   0.000000   0.000000  29.228357   0.000000   0.000000  58.456715   0.000000   0.000000   0.000000   0.000000
  0.000000 -38.971143   0.000000   0.000000 -55.846143   0.000000   0.000000  57.757214   0.000000   0.000000  11.250000   0.000000   0.000000   0.000000   0.000000   0.000000   0.000000   0.000000   0.000000   0.000000
  0.000000   0.000000   0.000000   0.000000   0.000000 -22.500000   0.000000   0.000000  31.314304   0.000000   0.000000  26.920678   0.000000   0.000000  25.009607   0.000000   0.000000  72.546268   0.000000   0.000000
-50.625000   0.000000   0.000000  70.864179   0.000000   0.000000  22.701928   0.000000   0.000000   0.000000   0.000000   0.000000  -0.000000   0.000000   0.000000  -0.000000   0.000000   0.000000  -0.000000   0.000000
  0.000000 -45.000000   0.000000   0.000000  58.456715   0.000000   0.000000  33.750000   0.000000   0.000000 -38.971143   0.000000   0.000000   0.000000   0.000000   0.000000   0.000000   0.000000   0.000000   0.000000
  0.000000   0.000000   0.000000   0.000000   0.000000  38.971143   0.000000   0.000000 -26.920678   0.000000   0.000000 -62.399625   0.000000   0.000000  14.439304   0.000000   0.000000  41.884607   0.000000   0.000000
  4.521643   0.000000   0.000000 -20.790857   0.000000   0.000000  74.981964   0.000000   0.000000 -14.614179   0.000000   0.000000 -42.187500   0.000000   0.000000   5.625000   0.000000   0.000000   0.000000   0.000000
  0.000000   0.000000   0.000000   0.000000 -38.971143   0.000000   0.000000 -22.500000   0.000000   0.000000 -77.942286   0.000000   0.000000  -0.000000   0.000000   0.000000   0.000000   0.000000   0.000000  -0.000000
  0.000000   0.000000   0.000000   0.000000   0.000000 -77.942286   0.000000   0.000000 -22.500000   0.000000   0.000000 -38.971143   0.000000   0.000000   0.000000   0.000000   0.000000   0.000000   0.000000   0.000000
  2.610572   0.000000   0.000000 -12.003607   0.000000   0.000000  43.290857   0.000000   0.000000  25.312500   0.000000   0.000000  73.070893   0.000000   0.000000  -9.742786   0.000000   0.000000  -0.000000   0.000000
  0.000000   0.000000   0.000000   0.000000  -0.000000   0.000000   0.000000  -0.000000   0.000000   0.000000  -0.000000   0.000000   0.000000  67.500000   0.000000   0.000000  38.971143   0.000000   0.000000  45.000000
  0.000000   0.000000   0.000000   0.000000   0.000000   0.000000   0.000000   0.000000 -43.842536   0.000000   0.000000  25.312500   0.000000   0.000000 -66.894215   0.000000   0.000000  32.592536   0.000000   0.000000
  0.000000   0.000000   0.000000   0.000000   0.000000   0.000000   0.000000   0.000000   0.000000  58.456715   0.000000   0.000000 -11.250000   0.000000   0.000000  67.500000   0.000000   0.000000   0.000000   0.000000
  0.000000   0.000000   0.000000   0.000000  -0.000000   0.000000   0.000000  -0.000000   0.000000   0.000000  -0.000000   0.000000   0.000000  45.000000   0.000000   0.000000 -77.942286   0.000000   0.000000  -0.000000
  0.000000   0.000000   0.000000   0.000000   0.000000   0.000000   0.000000   0.000000  62.978357   0.000000   0.000000 -36.360572   0.000000   0.000000 -52.831715   0.000000   0.000000   4.521643   0.000000   0.000000
  0.000000   0.000000   0.000000   0.000000   0.000000   0.000000   0.000000   0.000000   0.000000   0.000000   0.000000   0.000000   0.000000   0.000000   0.000000   0.000000   0.000000   0.000000 -90.000000   0.000000
  0.000000   0.000000   0.000000   0.000000  -0.000000   0.000000   0.000000  -0.000000   0.000000   0.000000  -0.000000   0.000000   0.000000 -38.971143   0.000000   0.000000 -22.500000   0.000000   0.000000  77.942286
