-25.000000   0.000000   0.000000 -32.475953   0.000000   0.000000  21.650635   0.000000   0.000000  18.750000   0.000000   0.000000   0.000000   0.000000   0.000000   0.000000   0.000000   0.000000   0.000000   0.000000
  0.000000  42.800476   0.000000   0.000000   4.156647   0.000000   0.000000   8.397431   0.000000   0.000000  15.380104   0.000000   0.000000 -16.176384   0.000000   0.000000   4.530499   0.000000   0.000000  -7.847054
  0.000000   0.000000  18.750000   0.000000   0.000000 -10.825318   0.000000   0.000000  12.500000   0.000000   0.000000 -43.301270   0.000000   0.000000   0.000000   0.000000   0.000000   0.000000   0.000000   0.000000
-23.100953   0.000000   0.000000  -1.868988   0.000000   0.000000 -41.656647   0.000000   0.000000  14.062500   0.000000   0.000000  -0.725159   0.000000   0.000000  -5.412659   0.000000   0.000000   0.000000   0.000000
  0.000000  18.316300   0.000000   0.000000  14.425079   0.000000   0.000000 -35.528088   0.000000   0.000000 -16.786610   0.000000   0.000000   7.110623   0.000000   0.000000  -9.510967   0.000000   0.000000  16.473479
  0.000000   0.000000  25.000000   0.000000   0.000000  43.301270   0.000000   0.000000  -0.000000   0.000000   0.000000   0.000000   0.000000   0.000000   0.000000   0.000000   0.000000   0.000000   0.000000   0.000000
-34.987976   0.000000   0.000000  14.062500   0.000000   0.000000   7.199524   0.000000   0.000000 -30.606964   0.000000   0.000000   1.256012   0.000000   0.000000   9.375000   0.000000   0.000000   0.000000   0.000000
  0.000000   5.775238   0.000000   0.000000 -46.635605   0.000000   0.000000 -14.913864   0.000000   0.000000   0.561649   0.000000   0.000000  -6.678936   0.000000   0.000000  -2.470827   0.000000   0.000000   4.279598
  0.000000   0.000000 -38.950318   0.000000   0.000000  22.487976   0.000000   0.000000   2.900635   0.000000   0.000000 -21.650635   0.000000   0.000000   0.000000   0.000000   0.000000   0.000000   0.000000   0.000000
-10.825318   0.000000   0.000000  33.537659   0.000000   0.000000  15.625000   0.000000   0.000000  25.612976   0.000000   0.000000  -2.512024   0.000000   0.000000 -18.750000   0.000000   0.000000   0.000000   0.000000
  0.000000 -14.981964   0.000000   0.000000   8.649841   0.000000   0.000000 -23.583229   0.000000   0.000000  29.805184   0.000000   0.000000 -19.970451   0.000000   0.000000 -15.031548   0.000000   0.000000 -11.464596
  0.000000   0.000000  -2.512024   0.000000   0.000000   1.450318   0.000000   0.000000  48.325318   0.000000   0.000000  12.500000   0.000000   0.000000   0.000000   0.000000   0.000000   0.000000   0.000000   0.000000
  0.000000   0.000000   0.000000  -5.943512   0.000000   0.000000   0.000000   0.000000   0.000000 -10.294464   0.000000   0.000000  36.438294   0.000000   0.000000 -29.575318   0.000000   0.000000 -12.500000   0.000000
  0.000000   8.649841   0.000000   0.000000  -4.993988   0.000000   0.000000   2.790466   0.000000   0.000000  10.692604   0.000000   0.000000  34.855263   0.000000   0.000000 -26.663410   0.000000   0.000000 -18.769524
  0.000000   0.000000   0.000000   0.000000   0.000000   0.000000   0.000000   0.000000   0.000000   0.000000   0.000000   0.000000   0.000000   0.000000 -43.301270   0.000000   0.000000 -25.000000   0.000000   0.000000
  0.000000   0.000000   0.000000   3.696915   0.000000   0.000000   0.000000   0.000000   0.000000   6.403244   0.000000   0.000000  25.919464   0.000000   0.000000  11.887024   0.000000   0.000000  40.400635   0.000000
  0.000000   0.000000   0.000000   0.000000   0.000000   0.000000   0.000000 -14.062500   0.000000   0.000000 -20.006012   0.000000   0.000000  -2.175476   0.000000   0.000000  16.140823   0.000000   0.000000 -40.456726
  0.000000   0.000000   0.000000   0.000000   0.000000   0.000000   0.000000   0.000000   0.000000   0.000000   0.000000   0.000000   0.000000   0.000000  25.000000   0.000000   0.000000 -43.301270   0.000000   0.000000
  0.000000   0.000000   0.000000   8.384415   0.000000   0.000000   0.000000   0.000000   0.000000  14.522232   0.000000   0.000000  22.181488   0.000000   0.000000  31.862976   0.000000   0.000000 -26.674682   0.000000
  0.000000   0.000000   0.000000   0.000000   0.000000   0.000000   0.000000  13.531647   0.000000   0.000000 -24.050476   0.000000   0.000000 -22.906647   0.000000   0.000000 -34.431091   0.000000   0.000000  -5.315506
