 -3.544248   0.000000   0.000000 -20.444710   0.000000   0.000000  17.969501   0.000000   0.000000  -8.060696   0.000000   0.000000   9.031851   0.000000   0.000000   0.000000   0.000000   0.000000   0.000000   0.000000
  0.000000  28.995191   0.000000   0.000000   3.109676   0.000000   0.000000  -3.167967   0.000000   0.000000   2.631908   0.000000   0.000000  -5.478063   0.000000   0.000000   0.811899   0.000000   0.000000   1.406250
  0.000000   0.000000  25.980762   0.000000   0.000000  15.000000   0.000000   0.000000   0.000000   0.000000   0.000000   0.000000   0.000000   0.000000   0.000000   0.000000   0.000000   0.000000   0.000000   0.000000
 -1.292665   0.000000   0.000000  18.072035   0.000000   0.000000  22.127101   0.000000   0.000000  -4.653845   0.000000   0.000000  -7.775839   0.000000   0.000000   0.000000   0.000000   0.000000   0.000000   0.000000
  0.000000   1.740381   0.000000   0.000000   7.604265   0.000000   0.000000  -2.012920   0.000000   0.000000  17.941402   0.000000   0.000000  22.478664   0.000000   0.000000  -1.406250   0.000000   0.000000  -2.435696
  0.000000   0.000000 -12.990381   0.000000   0.000000  22.500000   0.000000   0.000000 -12.990381   0.000000   0.000000   0.000000   0.000000   0.000000   7.500000   0.000000   0.000000   0.000000   0.000000   0.000000
-24.317755   0.000000   0.000000   2.460938   0.000000   0.000000   2.130711   0.000000   0.000000  16.121393   0.000000   0.000000   6.176679   0.000000   0.000000   0.000000   0.000000   0.000000   0.000000   0.000000
  0.000000  -7.500000   0.000000   0.000000  13.786661   0.000000   0.000000 -12.714542   0.000000   0.000000  14.338339   0.000000   0.000000 -15.962137   0.000000   0.000000   2.812500   0.000000   0.000000   4.871393
  0.000000   0.000000  -7.500000   0.000000   0.000000  12.990381   0.000000   0.000000  22.500000   0.000000   0.000000  -0.000000   0.000000   0.000000 -12.990381   0.000000   0.000000  -0.000000   0.000000   0.000000
  5.712438   0.000000   0.000000 -11.300482   0.000000   0.000000   6.118387   0.000000   0.000000  17.242786   0.000000   0.000000 -20.122595   0.000000   0.000000   0.000000   0.000000   0.000000   0.000000   0.000000
  0.000000   0.000000   0.000000   0.000000  -4.436298   0.000000   0.000000  23.051679   0.000000   0.000000  13.676679   0.000000   0.000000  -5.943512   0.000000   0.000000   5.625000   0.000000   0.000000   9.742786
  0.000000   0.000000   0.000000   0.000000   0.000000   0.000000   0.000000   0.000000 -12.990381   0.000000   0.000000  12.990381   0.000000   0.000000 -22.500000   0.000000   0.000000   7.500000   0.000000   0.000000
  8.089842   0.000000   0.000000   2.326923   0.000000   0.000000   3.373196   0.000000   0.000000   8.002405   0.000000   0.000000   8.872595   0.000000   0.000000  25.980762   0.000000   0.000000   0.000000   0.000000
  0.000000   0.000000   0.000000   0.000000 -12.337738   0.000000   0.000000 -11.626804   0.000000   0.000000  -0.376804   0.000000   0.000000   6.277643   0.000000   0.000000  17.861774   0.000000   0.000000  15.937500
  0.000000   0.000000   0.000000   0.000000   0.000000   0.000000   0.000000   0.000000   7.500000   0.000000   0.000000  22.500000   0.000000   0.000000  12.990381   0.000000   0.000000  12.990381   0.000000   0.000000
  7.006009   0.000000   0.000000   2.015174   0.000000   0.000000   2.921274   0.000000   0.000000   6.930286   0.000000   0.000000   7.683893   0.000000   0.000000  -7.500000   0.000000   0.000000  25.980762   0.000000
  0.000000   0.000000   0.000000   0.000000  -6.746393   0.000000   0.000000  -0.435095   0.000000   0.000000   6.060095   0.000000   0.000000  -4.001202   0.000000   0.000000  16.875000   0.000000   0.000000 -22.733167
  0.000000   0.000000   0.000000   0.000000   0.000000   0.000000   0.000000   0.000000   0.000000   0.000000   0.000000 -15.000000   0.000000   0.000000  -0.000000   0.000000   0.000000  25.980762   0.000000   0.000000
 12.134763   0.000000   0.000000   3.490384   0.000000   0.000000   5.059795   0.000000   0.000000  12.003607   0.000000   0.000000  13.308893   0.000000   0.000000 -12.990381   0.000000   0.000000 -15.000000   0.000000
  0.000000   0.000000   0.000000   0.000000 -20.615982   0.000000   0.000000  -7.582929   0.000000   0.000000  11.902643   0.000000   0.000000  -4.378006   0.000000   0.000000 -15.937500   0.000000   0.000000  -1.623798
