 17.512024   0.000000   0.000000  40.662250   0.000000   0.000000 -11.801679   0.000000   0.000000 -33.548072   0.000000   0.000000  -9.684494   0.000000   0.000000 -16.774036   0.000000   0.000000   0.000000   0.000000
  0.000000  60.000000   0.000000   0.000000   0.000000   0.000000   0.000000  -0.000000   0.000000   0.000000   0.000000   0.000000   0.000000   0.000000   0.000000   0.000000   0.000000   0.000000   0.000000   0.000000
  0.000000   0.000000  32.009619   0.000000   0.000000  37.230762   0.000000   0.000000 -29.865381   0.000000   0.000000 -17.242786   0.000000   0.000000  -0.000000   0.000000   0.000000   0.000000   0.000000   0.000000
-30.000000   0.000000   0.000000  25.980762   0.000000   0.000000  45.000000   0.000000   0.000000   0.000000   0.000000   0.000000   0.000000   0.000000   0.000000   0.000000   0.000000   0.000000   0.000000   0.000000
  0.000000   0.000000   0.000000   0.000000 -60.000000   0.000000   0.000000  -0.000000   0.000000   0.000000   0.000000   0.000000   0.000000   0.000000   0.000000   0.000000   0.000000   0.000000   0.000000   0.000000
  0.000000   0.000000 -38.235572   0.000000   0.000000  37.867786   0.000000   0.000000  17.659846   0.000000   0.000000 -19.804083   0.000000   0.000000   0.000000   0.000000   0.000000   0.000000   0.000000   0.000000
-25.110572   0.000000   0.000000 -31.287250   0.000000   0.000000   1.323321   0.000000   0.000000 -38.621393   0.000000   0.000000 -11.149036   0.000000   0.000000 -19.310696   0.000000   0.000000   0.000000   0.000000
  0.000000  -0.000000   0.000000   0.000000   0.000000   0.000000   0.000000 -51.961524   0.000000   0.000000  30.000000   0.000000   0.000000   0.000000   0.000000   0.000000   0.000000   0.000000   0.000000   0.000000
  0.000000   0.000000  30.735572   0.000000   0.000000  -3.382214   0.000000   0.000000  44.044464   0.000000   0.000000 -26.532441   0.000000   0.000000   0.000000   0.000000   0.000000  -0.000000   0.000000   0.000000
 41.985572   0.000000   0.000000 -17.108167   0.000000   0.000000  37.867786   0.000000   0.000000  -9.105762   0.000000   0.000000  -2.628607   0.000000   0.000000  -4.552881   0.000000   0.000000   0.000000   0.000000
  0.000000  -0.000000   0.000000   0.000000   0.000000   0.000000   0.000000  25.980762   0.000000   0.000000  45.000000   0.000000   0.000000 -25.980762   0.000000   0.000000 -15.000000   0.000000   0.000000   0.000000
  0.000000   0.000000   0.000000   0.000000   0.000000   0.000000   0.000000   0.000000   0.000000   0.000000   0.000000   0.000000   0.000000   0.000000 -30.000000   0.000000   0.000000  51.961524   0.000000   0.000000
  0.000000   0.000000   0.000000   0.000000   0.000000   0.000000   0.000000   0.000000   0.000000 -15.000000   0.000000   0.000000  12.990381   0.000000   0.000000  22.500000   0.000000   0.000000 -51.961524   0.000000
  0.000000  -0.000000   0.000000   0.000000   0.000000   0.000000   0.000000  15.000000   0.000000   0.000000  25.980762   0.000000   0.000000  45.000000   0.000000   0.000000  25.980762   0.000000   0.000000   0.000000
  0.000000   0.000000   0.000000   0.000000   0.000000   0.000000   0.000000   0.000000   0.000000   0.000000   0.000000   0.000000   0.000000   0.000000 -51.961524   0.000000   0.000000 -30.000000   0.000000   0.000000
  0.000000   0.000000   0.000000   0.000000   0.000000   0.000000   0.000000   0.000000   0.000000   0.000000   0.000000   0.000000  51.961524   0.000000   0.000000 -30.000000   0.000000   0.000000   0.000000   0.000000
  0.000000   0.000000   0.000000   0.000000   0.000000   0.000000   0.000000  -0.000000   0.000000   0.000000  -0.000000   0.000000   0.000000  25.980762   0.000000   0.000000 -45.000000   0.000000   0.000000  30.000000
  0.000000   0.000000  12.990381   0.000000   0.000000  27.721143   0.000000   0.000000  21.360572   0.000000   0.000000  46.973548   0.000000   0.000000   0.000000   0.000000   0.000000   0.000000   0.000000   0.000000
  0.000000   0.000000   0.000000   0.000000   0.000000   0.000000   0.000000   0.000000   0.000000  25.980762   0.000000   0.000000 -22.500000   0.000000   0.000000 -38.971143   0.000000   0.000000 -30.000000   0.000000
  0.000000   0.000000   0.000000   0.000000   0.000000   0.000000   0.000000  -0.000000   0.000000   0.000000  -0.000000   0.000000   0.000000  15.000000   0.000000   0.000000 -25.980762   0.000000   0.000000 -51.961524
