  0.000000   0.000000   0.000000  -0.000000   0.000000   0.000000  -0.000000   0.000000   0.000000  -0.000000   0.000000   0.000000  60.000000   0.000000   0.000000   0.000000   0.000000   0.000000   0.000000   0.000000
  0.000000  60.000000   0.000000   0.000000   0.000000   0.000000   0.000000   0.000000   0.000000   0.000000   0.000000   0.000000   0.000000   0.000000   0.000000   0.000000   0.000000   0.000000   0.000000   0.000000
  0.000000   0.000000  30.000000   0.000000   0.000000  45.000000   0.000000   0.000000  12.990381   0.000000   0.000000  -0.000000   0.000000   0.000000  22.500000   0.000000   0.000000   0.000000   0.000000   0.000000
 12.990381   0.000000   0.000000 -45.000000   0.000000   0.000000 -37.500000   0.000000   0.000000   0.000000   0.000000   0.000000  -0.000000   0.000000   0.000000   0.000000   0.000000   0.000000   0.000000   0.000000
  0.000000   0.000000   0.000000   0.000000 -60.000000   0.000000   0.000000   0.000000   0.000000   0.000000   0.000000   0.000000   0.000000   0.000000   0.000000   0.000000   0.000000   0.000000   0.000000   0.000000
  0.000000   0.000000  51.961524   0.000000   0.000000 -25.980762   0.000000   0.000000  -7.500000   0.000000   0.000000   0.000000   0.000000   0.000000 -12.990381   0.000000   0.000000   0.000000   0.000000   0.000000
 39.007214   0.000000   0.000000  30.735572   0.000000   0.000000 -23.370191   0.000000   0.000000 -12.120191   0.000000   0.000000  -0.000000   0.000000   0.000000  20.992786   0.000000   0.000000   0.000000   0.000000
  0.000000   0.000000   0.000000   0.000000  -0.000000   0.000000   0.000000 -48.480762   0.000000   0.000000 -23.971143   0.000000   0.000000 -12.990381   0.000000   0.000000 -22.500000   0.000000   0.000000   0.000000
  0.000000   0.000000   0.000000   0.000000   0.000000  15.000000   0.000000   0.000000  25.980762   0.000000   0.000000  12.990381   0.000000   0.000000 -45.000000   0.000000   0.000000 -22.500000   0.000000   0.000000
-36.360572   0.000000   0.000000  23.235572   0.000000   0.000000 -40.478357   0.000000   0.000000   4.987976   0.000000   0.000000   0.000000   0.000000   0.000000  -8.639428   0.000000   0.000000  -0.000000   0.000000
  0.000000   0.000000   0.000000   0.000000  -0.000000   0.000000   0.000000  32.009619   0.000000   0.000000 -48.480762   0.000000   0.000000  -7.500000   0.000000   0.000000 -12.990381   0.000000   0.000000   0.000000
  0.000000   0.000000   0.000000   0.000000   0.000000  12.990381   0.000000   0.000000  -3.014428   0.000000   0.000000  -0.735572   0.000000   0.000000 -24.240381   0.000000   0.000000  53.235572   0.000000   0.000000
-20.992786   0.000000   0.000000  -8.235572   0.000000   0.000000   2.610572   0.000000   0.000000 -23.370191   0.000000   0.000000   0.000000   0.000000   0.000000  40.478357   0.000000   0.000000 -30.000000   0.000000
  0.000000   0.000000   0.000000   0.000000   0.000000   0.000000   0.000000  -0.000000   0.000000   0.000000   0.000000   0.000000   0.000000 -25.980762   0.000000   0.000000  15.000000   0.000000   0.000000  51.961524
  0.000000   0.000000   0.000000   0.000000   0.000000  22.500000   0.000000   0.000000 -50.221143   0.000000   0.000000  -8.235572   0.000000   0.000000 -16.004809   0.000000   0.000000 -15.735572   0.000000   0.000000
 12.120191   0.000000   0.000000   4.754809   0.000000   0.000000  -1.507214   0.000000   0.000000  13.492786   0.000000   0.000000  -0.000000   0.000000   0.000000 -23.370191   0.000000   0.000000 -51.961524   0.000000
  0.000000   0.000000   0.000000   0.000000   0.000000   0.000000   0.000000  15.000000   0.000000   0.000000  25.980762   0.000000   0.000000 -25.980762   0.000000   0.000000 -45.000000   0.000000   0.000000   0.000000
  0.000000   0.000000   0.000000   0.000000   0.000000   0.000000   0.000000   0.000000  12.990381   0.000000   0.000000 -57.990381   0.000000   0.000000  -7.500000   0.000000   0.000000  -3.480762   0.000000   0.000000
 -0.000000   0.000000   0.000000  -0.000000   0.000000   0.000000   0.000000   0.000000   0.000000  51.961524   0.000000   0.000000   0.000000   0.000000   0.000000  30.000000   0.000000   0.000000   0.000000   0.000000
  0.000000   0.000000   0.000000   0.000000   0.000000   0.000000   0.000000   0.000000   0.000000   0.000000   0.000000   0.000000   0.000000 -45.000000   0.000000   0.000000  25.980762   0.000000   0.000000 -30.000000
