 10.000000   0.000000   0.000000 -17.320508   0.000000   0.000000 -17.320508   0.000000   0.000000   0.000000   0.000000   0.000000 -30.000000   0.000000   0.000000   0.000000   0.000000   0.000000   0.000000   0.000000
  0.000000  38.660254   0.000000   0.000000   3.504809   0.000000   0.000000   7.500000   0.000000   0.000000  -5.257214   0.000000   0.000000   2.628607   0.000000   0.000000   1.517627   0.000000   0.000000   0.000000
  0.000000   0.000000   0.000000   0.000000   0.000000  -0.000000   0.000000   0.000000  34.641016   0.000000   0.000000 -15.000000   0.000000   0.000000  -8.660254   0.000000   0.000000  10.000000   0.000000   0.000000
 17.320508   0.000000   0.000000 -30.000000   0.000000   0.000000  10.000000   0.000000   0.000000  -0.000000   0.000000   0.000000  17.320508   0.000000   0.000000   0.000000   0.000000   0.000000   0.000000   0.000000
  0.000000   2.320508   0.000000   0.000000  11.250000   0.000000   0.000000 -32.990381   0.000000   0.000000 -16.875000   0.000000   0.000000   8.437500   0.000000   0.000000   4.871393   0.000000   0.000000   0.000000
  0.000000   0.000000 -17.320508   0.000000   0.000000  30.000000   0.000000   0.000000 -10.000000   0.000000   0.000000 -12.990381   0.000000   0.000000  -7.500000   0.000000   0.000000   8.660254   0.000000   0.000000
-17.320508   0.000000   0.000000 -10.000000   0.000000   0.000000  30.000000   0.000000   0.000000   0.000000   0.000000   0.000000 -17.320508   0.000000   0.000000   0.000000   0.000000   0.000000   0.000000   0.000000
  0.000000   8.660254   0.000000   0.000000 -31.315699   0.000000   0.000000 -18.480762   0.000000   0.000000  12.332532   0.000000   0.000000  -6.166266   0.000000   0.000000  -3.560095   0.000000   0.000000   0.000000
  0.000000   0.000000 -25.980762   0.000000   0.000000   5.000000   0.000000   0.000000  15.000000   0.000000   0.000000  19.485572   0.000000   0.000000  11.250000   0.000000   0.000000 -12.990381   0.000000   0.000000
-15.000000   0.000000   0.000000  -8.660254   0.000000   0.000000  -8.660254   0.000000   0.000000 -34.641016   0.000000   0.000000   5.000000   0.000000   0.000000  -0.000000   0.000000   0.000000   0.000000   0.000000
  0.000000   5.000000   0.000000   0.000000  21.919873   0.000000   0.000000 -10.669873   0.000000   0.000000  27.120191   0.000000   0.000000 -13.560095   0.000000   0.000000  -7.828925   0.000000   0.000000   0.000000
  0.000000   0.000000 -20.200318   0.000000   0.000000 -20.992786   0.000000   0.000000  -6.997595   0.000000   0.000000 -22.828119   0.000000   0.000000  13.367185   0.000000   0.000000   1.574524   0.000000   0.000000
 25.980762   0.000000   0.000000  15.000000   0.000000   0.000000  15.000000   0.000000   0.000000 -20.000000   0.000000   0.000000  -8.660254   0.000000   0.000000  -0.000000   0.000000   0.000000   0.000000   0.000000
  0.000000   0.000000   0.000000   0.000000   0.000000   0.000000   0.000000   0.000000   0.000000   0.000000  -5.334936   0.000000   0.000000 -16.082532   0.000000   0.000000   9.375000   0.000000   0.000000  35.000000
  0.000000   0.000000 -13.337341   0.000000   0.000000 -13.860572   0.000000   0.000000  -4.620191   0.000000   0.000000  16.363578   0.000000   0.000000 -19.212738   0.000000   0.000000  23.911456   0.000000   0.000000
 -0.000000   0.000000   0.000000  -0.000000   0.000000   0.000000  -0.000000   0.000000   0.000000   0.000000   0.000000   0.000000   0.000000   0.000000   0.000000   0.000000   0.000000   0.000000  40.000000   0.000000
  0.000000   0.000000   0.000000   0.000000   0.000000   0.000000   0.000000   0.000000   0.000000   0.000000 -19.240381   0.000000   0.000000 -25.535254   0.000000   0.000000 -22.422278   0.000000   0.000000  -8.660254
  0.000000   0.000000   6.250000   0.000000   0.000000   6.495191   0.000000   0.000000   2.165064   0.000000   0.000000   6.137818   0.000000   0.000000  28.184687   0.000000   0.000000  26.115381   0.000000   0.000000
  0.000000   0.000000   0.000000   0.000000   0.000000   0.000000   0.000000   0.000000   0.000000   0.000000   0.000000   0.000000   0.000000   0.000000   0.000000 -40.000000   0.000000   0.000000   0.000000   0.000000
  0.000000   0.000000   0.000000   0.000000   0.000000   0.000000   0.000000   0.000000   0.000000   0.000000  -1.160254   0.000000   0.000000 -19.730762   0.000000   0.000000  30.155445   0.000000   0.000000 -17.320508
