-40.000000   0.000000   0.000000  -0.000000   0.000000   0.000000   0.000000   0.000000   0.000000   0.000000   0.000000   0.000000   0.000000   0.000000   0.000000   0.000000   0.000000   0.000000   0.000000   0.000000
  0.000000  17.320508   0.000000   0.000000   0.000000   0.000000   0.000000 -34.641016   0.000000   0.000000  -5.000000   0.000000   0.000000  -8.660254   0.000000   0.000000   0.000000   0.000000   0.000000   0.000000
  0.000000   0.000000  20.000000   0.000000   0.000000 -18.954625   0.000000   0.000000  10.976415   0.000000   0.000000   8.914060   0.000000   0.000000  25.211536   0.000000   0.000000  -2.271234   0.000000   0.000000
 -0.000000   0.000000   0.000000  25.000000   0.000000   0.000000   8.660254   0.000000   0.000000  30.000000   0.000000   0.000000   0.000000   0.000000   0.000000   0.000000   0.000000   0.000000   0.000000   0.000000
  0.000000  -8.660254   0.000000   0.000000 -35.000000   0.000000   0.000000  -8.660254   0.000000   0.000000   7.500000   0.000000   0.000000  12.990381   0.000000   0.000000   0.000000   0.000000   0.000000   0.000000
  0.000000   0.000000 -34.641016   0.000000   0.000000 -10.943458   0.000000   0.000000   6.337236   0.000000   0.000000   5.146535   0.000000   0.000000  14.555887   0.000000   0.000000  -1.311298   0.000000   0.000000
 -0.000000   0.000000   0.000000   8.660254   0.000000   0.000000  35.000000   0.000000   0.000000 -17.320508   0.000000   0.000000   0.000000   0.000000   0.000000   0.000000   0.000000   0.000000   0.000000   0.000000
  0.000000 -30.310889   0.000000   0.000000   0.000000   0.000000   0.000000  -8.660254   0.000000   0.000000 -14.709936   0.000000   0.000000 -17.487976   0.000000   0.000000  -8.080127   0.000000   0.000000  -4.330127
  0.000000   0.000000   0.000000   0.000000   0.000000 -19.231766   0.000000   0.000000  25.056789   0.000000   0.000000 -12.828119   0.000000   0.000000 -20.423072   0.000000   0.000000   4.542468   0.000000   0.000000
 -0.000000   0.000000   0.000000  25.980762   0.000000   0.000000 -15.000000   0.000000   0.000000 -17.320508   0.000000   0.000000  10.000000   0.000000   0.000000 -15.000000   0.000000   0.000000  -8.660254   0.000000
  0.000000  -8.750000   0.000000   0.000000   1.160254   0.000000   0.000000  -3.169873   0.000000   0.000000  11.288861   0.000000   0.000000 -11.338135   0.000000   0.000000  31.237976   0.000000   0.000000  16.740381
  0.000000   0.000000   0.000000   0.000000   0.000000   6.602167   0.000000   0.000000  13.038260   0.000000   0.000000  28.135413   0.000000   0.000000 -12.544873   0.000000   0.000000 -20.915064   0.000000   0.000000
 -0.000000   0.000000   0.000000   7.500000   0.000000   0.000000  -4.330127   0.000000   0.000000  -5.000000   0.000000   0.000000   6.339746   0.000000   0.000000   5.490381   0.000000   0.000000  37.810889   0.000000
  0.000000 -15.155445   0.000000   0.000000  19.330127   0.000000   0.000000 -15.490381   0.000000   0.000000  12.902246   0.000000   0.000000  24.201520   0.000000   0.000000  -1.875000   0.000000   0.000000  -1.004809
  0.000000   0.000000  -0.000000   0.000000   0.000000 -24.220950   0.000000   0.000000 -22.644226   0.000000   0.000000  16.121393   0.000000   0.000000 -13.337341   0.000000   0.000000   7.924682   0.000000   0.000000
  0.000000   0.000000   0.000000 -12.990381   0.000000   0.000000   7.500000   0.000000   0.000000   8.660254   0.000000   0.000000  23.660254   0.000000   0.000000 -26.830127   0.000000   0.000000   4.509619   0.000000
  0.000000   0.000000   0.000000   0.000000  -0.000000   0.000000   0.000000   0.000000   0.000000   0.000000 -27.990381   0.000000   0.000000  16.160254   0.000000   0.000000  21.339746   0.000000   0.000000 -10.000000
  0.000000   0.000000   0.000000   0.000000   0.000000  10.993591   0.000000   0.000000  11.347153   0.000000   0.000000  16.673072   0.000000   0.000000   0.379809   0.000000   0.000000  32.745191   0.000000   0.000000
  0.000000   0.000000   0.000000  -0.000000   0.000000   0.000000   0.000000   0.000000   0.000000   0.000000   0.000000   0.000000  30.000000   0.000000   0.000000  25.000000   0.000000   0.000000  -8.660254   0.000000
  0.000000   0.000000   0.000000   0.000000   0.000000   0.000000   0.000000   0.000000   0.000000   0.000000 -15.000000   0.000000   0.000000   8.660254   0.000000   0.000000 -10.000000   0.000000   0.000000  34.641016
