 35.000000   0.000000   0.000000 -60.621778   0.000000   0.000000   0.000000   0.000000   0.000000   0.000000   0.000000   0.000000   0.000000   0.000000   0.000000   0.000000   0.000000   0.000000   0.000000   0.000000
  0.000000  45.466334   0.000000   0.000000  53.044056   0.000000   0.000000  -4.375000   0.000000   0.000000   0.000000   0.000000   0.000000   0.000000   0.000000   0.000000   0.000000   0.000000   0.000000   0.000000
  0.000000   0.000000  50.312500   0.000000   0.000000 -34.099750   0.000000   0.000000  28.212438   0.000000   0.000000  -3.399042   0.000000   0.000000 -16.406250   0.000000   0.000000 -11.366583   0.000000   0.000000
 54.530445   0.000000   0.000000  31.483167   0.000000   0.000000   2.030445   0.000000   0.000000   3.516833   0.000000   0.000000 -30.310889   0.000000   0.000000   0.000000   0.000000   0.000000   0.000000   0.000000
  0.000000   8.750000   0.000000   0.000000 -13.125000   0.000000   0.000000 -68.199501   0.000000   0.000000   0.000000   0.000000   0.000000   0.000000   0.000000   0.000000   0.000000   0.000000   0.000000   0.000000
  0.000000   0.000000  34.099750   0.000000   0.000000 -10.937500   0.000000   0.000000 -48.865375   0.000000   0.000000   5.887313   0.000000   0.000000  28.416459   0.000000   0.000000  19.687500   0.000000   0.000000
 21.445917   0.000000   0.000000  12.381806   0.000000   0.000000  36.601361   0.000000   0.000000   2.773639   0.000000   0.000000  54.216334   0.000000   0.000000  -0.000000   0.000000   0.000000   0.000000   0.000000
  0.000000  45.466334   0.000000   0.000000 -37.888611   0.000000   0.000000  13.125000   0.000000   0.000000 -30.310889   0.000000   0.000000   8.750000   0.000000   0.000000  15.155445   0.000000   0.000000   0.000000
  0.000000   0.000000 -32.812500   0.000000   0.000000 -56.832917   0.000000   0.000000 -16.845854   0.000000   0.000000 -16.288458   0.000000   0.000000  -5.468750   0.000000   0.000000  -3.788861   0.000000   0.000000
 -1.522833   0.000000   0.000000  -0.879208   0.000000   0.000000  -9.100556   0.000000   0.000000  67.048264   0.000000   0.000000   3.516833   0.000000   0.000000  17.500000   0.000000   0.000000  -0.000000   0.000000
  0.000000  26.250000   0.000000   0.000000 -21.875000   0.000000   0.000000   7.577722   0.000000   0.000000  52.500000   0.000000   0.000000 -15.155445   0.000000   0.000000 -26.250000   0.000000   0.000000   0.000000
  0.000000   0.000000 -11.366583   0.000000   0.000000 -19.687500   0.000000   0.000000  26.911848   0.000000   0.000000  49.637313   0.000000   0.000000  28.416459   0.000000   0.000000  19.687500   0.000000   0.000000
-14.004208   0.000000   0.000000  -8.085333   0.000000   0.000000  51.620792   0.000000   0.000000  15.977167   0.000000   0.000000 -28.280445   0.000000   0.000000 -30.310889   0.000000   0.000000   0.000000   0.000000
  0.000000   0.000000   0.000000   0.000000   0.000000   0.000000   0.000000   0.000000   0.000000   0.000000  -2.030445   0.000000   0.000000 -44.179083   0.000000   0.000000  21.445917   0.000000   0.000000 -49.841334
  0.000000   0.000000   0.000000   0.000000   0.000000   0.000000   0.000000   0.000000  16.913861   0.000000   0.000000 -29.295667   0.000000   0.000000  54.530445   0.000000   0.000000 -27.966334   0.000000   0.000000
 -6.562500   0.000000   0.000000  -3.788861   0.000000   0.000000  28.437500   0.000000   0.000000 -11.366583   0.000000   0.000000 -15.155445   0.000000   0.000000  60.621778   0.000000   0.000000  -0.000000   0.000000
  0.000000   0.000000   0.000000   0.000000   0.000000   0.000000   0.000000   0.000000   0.000000   0.000000  31.483167   0.000000   0.000000   6.290472   0.000000   0.000000  59.334528   0.000000   0.000000  18.672278
  0.000000   0.000000   0.000000   0.000000   0.000000   0.000000   0.000000   0.000000 -20.545667   0.000000   0.000000  35.586139   0.000000   0.000000  -3.516833   0.000000   0.000000 -56.560889   0.000000   0.000000
  0.000000   0.000000   0.000000   0.000000   0.000000   0.000000   0.000000   0.000000   0.000000  -0.000000   0.000000   0.000000  -0.000000   0.000000   0.000000  -0.000000   0.000000   0.000000 -70.000000   0.000000
  0.000000   0.000000   0.000000   0.000000   0.000000   0.000000   0.000000   0.000000   0.000000   0.000000 -15.155445   0.000000   0.000000 -51.013611   0.000000   0.000000  -0.858167   0.000000   0.000000  45.466334
