 -0.000000   0.000000   0.000000  60.000000   0.000000   0.000000  40.000000   0.000000   0.000000  15.000000   0.000000   0.000000  -7.500000   0.000000   0.000000  15.155445   0.000000   0.000000  26.250000   0.000000
  0.000000 -31.961524   0.000000   0.000000  64.641016   0.000000   0.000000  -0.000000   0.000000   0.000000  17.320508   0.000000   0.000000 -15.000000   0.000000   0.000000 -25.980762   0.000000   0.000000   0.000000
  0.000000   0.000000  10.723548   0.000000   0.000000   7.588135   0.000000   0.000000 -69.434687   0.000000   0.000000 -37.500000   0.000000   0.000000   0.000000   0.000000   0.000000  -0.000000   0.000000   0.000000
-80.000000   0.000000   0.000000  -0.000000   0.000000   0.000000  -0.000000   0.000000   0.000000  -0.000000   0.000000   0.000000   0.000000   0.000000   0.000000  -0.000000   0.000000   0.000000  -0.000000   0.000000
  0.000000 -64.641016   0.000000   0.000000 -42.679492   0.000000   0.000000  -0.000000   0.000000   0.000000  10.000000   0.000000   0.000000  -8.660254   0.000000   0.000000 -15.000000   0.000000   0.000000  -0.000000
  0.000000   0.000000 -14.285254   0.000000   0.000000 -40.672663   0.000000   0.000000 -37.052881   0.000000   0.000000  56.291651   0.000000   0.000000   0.000000   0.000000   0.000000   0.000000   0.000000   0.000000
  0.000000   0.000000   0.000000  34.641016   0.000000   0.000000 -69.282032   0.000000   0.000000   8.660254   0.000000   0.000000  -4.330127   0.000000   0.000000   8.750000   0.000000   0.000000  15.155445   0.000000
  0.000000 -17.320508   0.000000   0.000000  10.000000   0.000000   0.000000 -34.641016   0.000000   0.000000 -43.301270   0.000000   0.000000 -31.471143   0.000000   0.000000  35.490381   0.000000   0.000000 -25.980762
  0.000000   0.000000  63.346143   0.000000   0.000000 -33.441901   0.000000   0.000000   7.743580   0.000000   0.000000  -2.990381   0.000000   0.000000 -34.641016   0.000000   0.000000  -0.000000   0.000000   0.000000
  0.000000   0.000000   0.000000 -40.000000   0.000000   0.000000  -0.000000   0.000000   0.000000  30.000000   0.000000   0.000000 -15.000000   0.000000   0.000000  30.310889   0.000000   0.000000  52.500000   0.000000
  0.000000 -15.000000   0.000000   0.000000   8.660254   0.000000   0.000000 -20.000000   0.000000   0.000000 -45.000000   0.000000   0.000000  49.330127   0.000000   0.000000 -18.480762   0.000000   0.000000  30.000000
  0.000000   0.000000  14.555887   0.000000   0.000000  50.841339   0.000000   0.000000 -10.350664   0.000000   0.000000  33.615381   0.000000   0.000000 -27.679492   0.000000   0.000000  40.000000   0.000000   0.000000
  0.000000   0.000000   0.000000   0.000000   0.000000   0.000000   0.000000   0.000000   0.000000  40.000000   0.000000   0.000000 -60.000000   0.000000   0.000000 -17.320508   0.000000   0.000000 -30.000000   0.000000
  0.000000  25.980762   0.000000   0.000000 -15.000000   0.000000   0.000000 -34.641016   0.000000   0.000000  -8.660254   0.000000   0.000000 -32.500000   0.000000   0.000000 -56.291651   0.000000   0.000000  -0.000000
  0.000000   0.000000  -8.403845   0.000000   0.000000 -29.353261   0.000000   0.000000   5.975958   0.000000   0.000000 -19.407849   0.000000   0.000000  15.980762   0.000000   0.000000  69.282032   0.000000   0.000000
  0.000000   0.000000   0.000000   0.000000   0.000000   0.000000   0.000000   0.000000   0.000000  -0.000000   0.000000   0.000000  -0.000000   0.000000   0.000000  69.282032   0.000000   0.000000 -40.000000   0.000000
  0.000000   0.000000   0.000000   0.000000   0.000000   0.000000   0.000000  51.961524   0.000000   0.000000 -38.971143   0.000000   0.000000 -35.065699   0.000000   0.000000  -5.735572   0.000000   0.000000  30.310889
  0.000000   0.000000  42.257600   0.000000   0.000000  11.105774   0.000000   0.000000  -1.759812   0.000000   0.000000  17.589746   0.000000   0.000000  64.641016   0.000000   0.000000   0.000000   0.000000   0.000000
  0.000000   0.000000   0.000000   0.000000   0.000000   0.000000   0.000000   0.000000   0.000000 -60.000000   0.000000   0.000000 -50.000000   0.000000   0.000000   8.660254   0.000000   0.000000  15.000000   0.000000
  0.000000   0.000000   0.000000   0.000000   0.000000   0.000000   0.000000  30.000000   0.000000   0.000000 -22.500000   0.000000   0.000000  19.754809   0.000000   0.000000 -26.405445   0.000000   0.000000 -62.500000
