-64.641016   0.000000   0.000000  -3.259619   0.000000   0.000000  33.014428   0.000000   0.000000 -33.480762   0.000000   0.000000   0.000000   0.000000   0.000000   0.000000   0.000000   0.000000   0.000000   0.000000
  0.000000 -20.000000   0.000000   0.000000  34.641016   0.000000   0.000000  34.641016   0.000000   0.000000  60.000000   0.000000   0.000000  -0.000000   0.000000   0.000000   0.000000   0.000000   0.000000   0.000000
  0.000000   0.000000  10.000000   0.000000   0.000000  30.000000   0.000000   0.000000 -51.961524   0.000000   0.000000  25.980762   0.000000   0.000000 -45.000000   0.000000   0.000000   0.000000   0.000000   0.000000
-45.000000   0.000000   0.000000 -11.384619   0.000000   0.000000 -56.728357   0.000000   0.000000  32.051270   0.000000   0.000000   0.000000   0.000000   0.000000   0.000000   0.000000   0.000000   0.000000   0.000000
  0.000000   4.641016   0.000000   0.000000  71.961524   0.000000   0.000000 -17.320508   0.000000   0.000000 -30.000000   0.000000   0.000000  -0.000000   0.000000   0.000000   0.000000   0.000000   0.000000   0.000000
  0.000000   0.000000 -30.000000   0.000000   0.000000 -50.000000   0.000000   0.000000 -51.961524   0.000000   0.000000  -8.660254   0.000000   0.000000  15.000000   0.000000   0.000000   0.000000   0.000000   0.000000
  7.009619   0.000000   0.000000   0.194306   0.000000   0.000000 -29.932691   0.000000   0.000000 -43.068103   0.000000   0.000000 -60.000000   0.000000   0.000000  -0.000000   0.000000   0.000000  -0.000000   0.000000
  0.000000  77.320508   0.000000   0.000000   4.641016   0.000000   0.000000  10.000000   0.000000   0.000000  17.320508   0.000000   0.000000  -0.000000   0.000000   0.000000   0.000000   0.000000   0.000000   0.000000
  0.000000   0.000000 -51.961524   0.000000   0.000000  51.961524   0.000000   0.000000 -10.000000   0.000000   0.000000 -15.000000   0.000000   0.000000  25.980762   0.000000   0.000000  -0.000000   0.000000   0.000000
 12.141016   0.000000   0.000000 -59.663453   0.000000   0.000000 -17.203925   0.000000   0.000000 -34.596143   0.000000   0.000000  34.641016   0.000000   0.000000   0.000000   0.000000   0.000000   0.000000   0.000000
  0.000000  -0.000000   0.000000   0.000000  -0.000000   0.000000   0.000000  30.000000   0.000000   0.000000 -17.320508   0.000000   0.000000 -69.282032   0.000000   0.000000  17.320508   0.000000   0.000000  10.000000
  0.000000   0.000000  25.980762   0.000000   0.000000   8.660254   0.000000   0.000000 -15.000000   0.000000   0.000000 -42.500000   0.000000   0.000000   4.330127   0.000000   0.000000 -60.000000   0.000000   0.000000
  0.000000   0.000000   0.000000 -51.961524   0.000000   0.000000  30.000000   0.000000   0.000000  34.641016   0.000000   0.000000 -40.000000   0.000000   0.000000  -0.000000   0.000000   0.000000  -0.000000   0.000000
  0.000000   0.000000   0.000000   0.000000   0.000000   0.000000   0.000000  51.961524   0.000000   0.000000 -30.000000   0.000000   0.000000  40.000000   0.000000   0.000000  30.000000   0.000000   0.000000  17.320508
  0.000000   0.000000 -45.000000   0.000000   0.000000 -15.000000   0.000000   0.000000  25.980762   0.000000   0.000000   4.330127   0.000000   0.000000 -47.500000   0.000000   0.000000 -34.641016   0.000000   0.000000
  0.000000   0.000000   0.000000   0.000000   0.000000   0.000000  -0.000000   0.000000   0.000000  -0.000000   0.000000   0.000000  -0.000000   0.000000   0.000000 -69.282032   0.000000   0.000000  40.000000   0.000000
  0.000000   0.000000   0.000000   0.000000   0.000000   0.000000   0.000000  34.641016   0.000000   0.000000 -20.000000   0.000000   0.000000  -0.000000   0.000000   0.000000 -60.000000   0.000000   0.000000 -34.641016
  0.000000   0.000000   0.000000   0.000000   0.000000  -0.000000   0.000000   0.000000   0.000000   0.000000   0.000000 -60.000000   0.000000   0.000000 -34.641016   0.000000   0.000000  40.000000   0.000000   0.000000
  0.000000   0.000000   0.000000   0.000000   0.000000   0.000000  -0.000000   0.000000   0.000000  -0.000000   0.000000   0.000000  -0.000000   0.000000   0.000000  40.000000   0.000000   0.000000  69.282032   0.000000
  0.000000   0.000000   0.000000   0.000000   0.000000   0.000000   0.000000   0.000000   0.000000   0.000000   0.000000   0.000000   0.000000   0.000000   0.000000   0.000000  40.000000   0.000000   0.000000 -69.282032
