 50.000000   0.000000   0.000000   0.000000   0.000000   0.000000   0.000000   0.000000   0.000000   0.000000   0.000000   0.000000   0.000000   0.000000   0.000000   0.000000   0.000000   0.000000   0.000000   0.000000
  0.000000 -25.000000   0.000000   0.000000 -37.500000   0.000000   0.000000  18.750000   0.000000   0.000000 -10.825318   0.000000   0.000000   0.000000   0.000000   0.000000   0.000000   0.000000   0.000000   0.000000
  0.000000   0.000000 -12.500000   0.000000   0.000000  43.301270   0.000000   0.000000   0.000000   0.000000   0.000000 -18.750000   0.000000   0.000000  -9.375000   0.000000   0.000000  -5.412659   0.000000   0.000000
  0.000000   0.000000   0.000000  43.301270   0.000000   0.000000 -12.500000   0.000000   0.000000 -18.750000   0.000000   0.000000 -10.825318   0.000000   0.000000   0.000000   0.000000   0.000000   0.000000   0.000000
  0.000000 -21.650635   0.000000   0.000000  10.825318   0.000000   0.000000  -5.412659   0.000000   0.000000   3.125000   0.000000   0.000000 -43.301270   0.000000   0.000000  -0.000000   0.000000   0.000000   0.000000
  0.000000   0.000000 -21.650635   0.000000   0.000000 -25.000000   0.000000   0.000000   0.000000   0.000000   0.000000 -32.475953   0.000000   0.000000 -16.237976   0.000000   0.000000  -9.375000   0.000000   0.000000
  0.000000   0.000000   0.000000  -6.250000   0.000000   0.000000 -24.162659   0.000000   0.000000   1.256012   0.000000   0.000000   0.725159   0.000000   0.000000  21.650635   0.000000   0.000000  37.500000   0.000000
  0.000000 -37.500000   0.000000   0.000000  18.750000   0.000000   0.000000  -9.375000   0.000000   0.000000   5.412659   0.000000   0.000000  25.000000   0.000000   0.000000   0.000000   0.000000   0.000000  -0.000000
  0.000000   0.000000 -37.500000   0.000000   0.000000  -0.000000   0.000000   0.000000 -13.337341   0.000000   0.000000   8.649841   0.000000   0.000000  27.650238   0.000000   0.000000   8.746994   0.000000   0.000000
  0.000000   0.000000   0.000000  10.825318   0.000000   0.000000  41.850953   0.000000   0.000000  -2.175476   0.000000   0.000000  -1.256012   0.000000   0.000000  12.500000   0.000000   0.000000  21.650635   0.000000
  0.000000   0.000000   0.000000   0.000000  25.000000   0.000000   0.000000  37.500000   0.000000   0.000000 -21.650635   0.000000   0.000000  -0.000000   0.000000   0.000000  -0.000000   0.000000   0.000000   0.000000
  0.000000   0.000000  21.650635   0.000000   0.000000   0.000000   0.000000   0.000000 -23.100953   0.000000   0.000000 -28.319306   0.000000   0.000000  26.240982   0.000000   0.000000   2.650238   0.000000   0.000000
  0.000000   0.000000   0.000000  21.650635   0.000000   0.000000  -2.900635   0.000000   0.000000  38.950318   0.000000   0.000000  22.487976   0.000000   0.000000   0.000000   0.000000   0.000000   0.000000   0.000000
  0.000000   0.000000   0.000000   0.000000   0.000000   0.000000   0.000000 -12.500000   0.000000   0.000000 -21.650635   0.000000   0.000000   0.000000   0.000000   0.000000  37.500000   0.000000   0.000000  21.650635
  0.000000   0.000000   0.000000   0.000000   0.000000   0.000000   0.000000   0.000000   9.375000   0.000000   0.000000   4.381012   0.000000   0.000000  17.591141   0.000000   0.000000 -45.645020   0.000000   0.000000
  0.000000   0.000000   0.000000   0.000000   0.000000   0.000000   0.000000   0.000000   0.000000 -12.500000   0.000000   0.000000  21.650635   0.000000   0.000000  37.500000   0.000000   0.000000 -21.650635   0.000000
  0.000000   0.000000   0.000000   0.000000   0.000000   0.000000   0.000000 -21.650635   0.000000   0.000000 -37.500000   0.000000   0.000000   0.000000   0.000000   0.000000 -21.650635   0.000000   0.000000 -12.500000
  0.000000   0.000000   0.000000   0.000000   0.000000   0.000000   0.000000   0.000000  41.237976   0.000000   0.000000 -14.062500   0.000000   0.000000  19.643432   0.000000   0.000000  14.690506   0.000000   0.000000
  0.000000   0.000000   0.000000   0.000000   0.000000   0.000000   0.000000   0.000000   0.000000  21.650635   0.000000   0.000000 -37.500000   0.000000   0.000000  21.650635   0.000000   0.000000 -12.500000   0.000000
  0.000000   0.000000   0.000000   0.000000   0.000000   0.000000   0.000000  -0.000000   0.000000   0.000000  -0.000000   0.000000   0.000000  -0.000000   0.000000   0.000000  25.000000   0.000000   0.000000 -43.301270
