  3.788861   0.000000   0.000000  -3.437500   0.000000   0.000000   1.875000   0.000000   0.000000  -8.118988   0.000000   0.000000   0.000000   0.000000   0.000000  -1.875000   0.000000   0.000000  -0.937500   0.000000
  0.000000  10.000000   0.000000   0.000000   0.000000   0.000000   0.000000   0.000000   0.000000   0.000000  -0.000000   0.000000   0.000000   0.000000   0.000000   0.000000  -0.000000   0.000000   0.000000   0.000000
  0.000000   0.000000   6.495191   0.000000   0.000000  -1.250000   0.000000   0.000000   7.500000   0.000000   0.000000   0.000000   0.000000   0.000000   0.000000   0.000000   0.000000   0.000000   0.000000   0.000000
  7.035155   0.000000   0.000000  -1.809945   0.000000   0.000000   4.122295   0.000000   0.000000   4.688802   0.000000   0.000000   2.522436   0.000000   0.000000   1.374098   0.000000   0.000000  -0.041116   0.000000
  0.000000   0.000000   0.000000   0.000000 -10.000000   0.000000   0.000000  -0.000000   0.000000   0.000000   0.000000   0.000000   0.000000  -0.000000   0.000000   0.000000   0.000000   0.000000   0.000000  -0.000000
  0.000000   0.000000  -6.250000   0.000000   0.000000  -6.495191   0.000000   0.000000   4.330127   0.000000   0.000000   0.000000   0.000000   0.000000   0.000000   0.000000   0.000000   0.000000   0.000000   0.000000
 -4.375751   0.000000   0.000000   1.661357   0.000000   0.000000   5.627603   0.000000   0.000000  -1.355419   0.000000   0.000000   6.456329   0.000000   0.000000   0.432492   0.000000   0.000000  -1.647536   0.000000
  0.000000   0.000000   0.000000   0.000000   0.000000   0.000000   0.000000  -3.437500   0.000000   0.000000   0.541266   0.000000   0.000000  -9.307691   0.000000   0.000000   0.560696   0.000000   0.000000  -0.971155
  0.000000   0.000000  -1.875000   0.000000   0.000000   3.247595   0.000000   0.000000   2.165064   0.000000   0.000000   2.165064   0.000000   0.000000   0.000000   0.000000   0.000000  -8.750000   0.000000   0.000000
 -0.825720   0.000000   0.000000  -5.760316   0.000000   0.000000  -5.644431   0.000000   0.000000   0.703125   0.000000   0.000000   5.625000   0.000000   0.000000   0.811899   0.000000   0.000000  -1.217848   0.000000
  0.000000   0.000000   0.000000   0.000000   0.000000   0.000000   0.000000  -3.281250   0.000000   0.000000  -8.930887   0.000000   0.000000   0.323718   0.000000   0.000000  -1.530348   0.000000   0.000000   2.650641
  0.000000   0.000000   2.488782   0.000000   0.000000  -4.310696   0.000000   0.000000  -2.873798   0.000000   0.000000  -1.043671   0.000000   0.000000   7.500000   0.000000   0.000000  -3.102564   0.000000   0.000000
  2.020032   0.000000   0.000000   3.498798   0.000000   0.000000  -1.997595   0.000000   0.000000  -3.102564   0.000000   0.000000   1.875000   0.000000   0.000000   7.500000   0.000000   0.000000   3.208734   0.000000
  0.000000   0.000000   0.000000   0.000000   0.000000   0.000000   0.000000   4.600760   0.000000   0.000000   1.093750   0.000000   0.000000  -2.648038   0.000000   0.000000  -4.201923   0.000000   0.000000   7.277943
  0.000000   0.000000  -2.326923   0.000000   0.000000   4.030348   0.000000   0.000000   2.686899   0.000000   0.000000   4.271835   0.000000   0.000000   6.250000   0.000000   0.000000   3.716345   0.000000   0.000000
  3.498798   0.000000   0.000000   6.060095   0.000000   0.000000  -3.459936   0.000000   0.000000  -0.373798   0.000000   0.000000   3.247595   0.000000   0.000000  -4.330127   0.000000   0.000000  -3.102564   0.000000
  0.000000   0.000000   0.000000   0.000000   0.000000   0.000000   0.000000   6.495191   0.000000   0.000000  -3.750000   0.000000   0.000000  -2.165064   0.000000   0.000000  -2.455127   0.000000   0.000000  -5.747595
  0.000000   0.000000  -1.904146   0.000000   0.000000   3.298077   0.000000   0.000000   2.198718   0.000000   0.000000  -8.716345   0.000000   0.000000   2.165064   0.000000   0.000000   0.019431   0.000000   0.000000
  0.000000   0.000000   0.000000   0.000000   0.000000   0.000000   0.000000   0.000000   0.000000   0.000000   0.000000   0.000000  -2.500000   0.000000   0.000000   4.330127   0.000000   0.000000  -8.660254   0.000000
  0.000000   0.000000   0.000000   0.000000   0.000000   0.000000   0.000000   3.750000   0.000000   0.000000  -2.165064   0.000000   0.000000  -1.250000   0.000000   0.000000   8.582532   0.000000   0.000000   2.455127
