 -5.000000   0.000000   0.000000   7.500000   0.000000   0.000000  -4.330127   0.000000   0.000000   0.000000   0.000000   0.000000   0.000000   0.000000   0.000000   0.000000   0.000000   0.000000   0.000000   0.000000
  0.000000   5.000000   0.000000   0.000000  -8.660254   0.000000   0.000000   0.000000   0.000000   0.000000   0.000000   0.000000   0.000000   0.000000   0.000000   0.000000   0.000000   0.000000   0.000000   0.000000
  0.000000   0.000000  -5.000000   0.000000   0.000000  -7.500000   0.000000   0.000000  -2.165064   0.000000   0.000000   3.750000   0.000000   0.000000   0.000000   0.000000   0.000000  -0.000000   0.000000   0.000000
 -4.330127   0.000000   0.000000  -5.915064   0.000000   0.000000  -5.245191   0.000000   0.000000  -4.330127   0.000000   0.000000   0.000000   0.000000   0.000000   0.000000   0.000000   0.000000   0.000000   0.000000
  0.000000  -3.459936   0.000000   0.000000  -1.997595   0.000000   0.000000   0.290064   0.000000   0.000000  -9.162659   0.000000   0.000000  -0.000000   0.000000   0.000000  -0.000000   0.000000   0.000000   0.000000
  0.000000   0.000000  -4.330127   0.000000   0.000000   5.915064   0.000000   0.000000  -6.372595   0.000000   0.000000   2.377405   0.000000   0.000000   0.000000   0.000000   0.000000  -0.000000   0.000000   0.000000
 -7.500000   0.000000   0.000000  -1.584936   0.000000   0.000000   5.915064   0.000000   0.000000   2.500000   0.000000   0.000000   0.000000   0.000000   0.000000   0.000000   0.000000   0.000000   0.000000   0.000000
  0.000000   6.997595   0.000000   0.000000   4.040064   0.000000   0.000000   4.832532   0.000000   0.000000  -3.370191   0.000000   0.000000  -0.000000   0.000000   0.000000  -0.000000   0.000000   0.000000  -0.000000
  0.000000   0.000000  -7.500000   0.000000   0.000000   1.584936   0.000000   0.000000   5.122595   0.000000   0.000000  -3.872595   0.000000   0.000000  -0.000000   0.000000   0.000000   0.000000   0.000000   0.000000
  0.000000   0.000000   0.000000  -2.500000   0.000000   0.000000  -4.330127   0.000000   0.000000   8.660254   0.000000   0.000000   0.000000   0.000000   0.000000   0.000000   0.000000   0.000000   0.000000   0.000000
  0.000000   1.826772   0.000000   0.000000   1.054688   0.000000   0.000000  -4.262469   0.000000   0.000000  -1.054687   0.000000   0.000000  -6.559494   0.000000   0.000000  -0.580127   0.000000   0.000000  -5.736377
  0.000000   0.000000   0.000000   0.000000   0.000000   0.625000   0.000000   0.000000   1.333734   0.000000   0.000000   2.020032   0.000000   0.000000  -4.330127   0.000000   0.000000   8.660254   0.000000   0.000000
  0.000000   0.000000   0.000000   0.000000   0.000000   0.000000   0.000000   0.000000   0.000000   0.000000   0.000000   0.000000  -1.193909   0.000000   0.000000   7.184494   0.000000   0.000000  -6.852564   0.000000
  0.000000  -0.569110   0.000000   0.000000  -0.328576   0.000000   0.000000   1.327924   0.000000   0.000000   0.328576   0.000000   0.000000  -0.178686   0.000000   0.000000   9.665064   0.000000   0.000000  -2.061899
  0.000000   0.000000   0.000000   0.000000   0.000000  -2.165064   0.000000   0.000000  -4.620191   0.000000   0.000000  -6.997595   0.000000   0.000000  -5.000000   0.000000   0.000000  -0.000000   0.000000   0.000000
  0.000000   0.000000   0.000000   0.000000   0.000000   0.000000   0.000000   0.000000   0.000000   0.000000   0.000000   0.000000   8.225159   0.000000   0.000000   4.581329   0.000000   0.000000   3.370191   0.000000
  0.000000   2.624098   0.000000   0.000000   1.515024   0.000000   0.000000  -6.122896   0.000000   0.000000  -1.515024   0.000000   0.000000  -0.831329   0.000000   0.000000   2.500000   0.000000   0.000000   6.640222
  0.000000   0.000000   0.000000   0.000000   0.000000  -1.082532   0.000000   0.000000  -2.310095   0.000000   0.000000  -3.498798   0.000000   0.000000   7.500000   0.000000   0.000000   5.000000   0.000000   0.000000
  0.000000   0.000000   0.000000   0.000000   0.000000   0.000000   0.000000   0.000000   0.000000   0.000000   0.000000   0.000000   5.560696   0.000000   0.000000  -5.233972   0.000000   0.000000  -6.456329   0.000000
  0.000000   1.875000   0.000000   0.000000   1.082532   0.000000   0.000000  -4.375000   0.000000   0.000000  -1.082532   0.000000   0.000000   7.500000   0.000000   0.000000   0.000000   0.000000   0.000000  -4.330127
