 16.160254   0.000000   0.000000  -8.660254   0.000000   0.000000  -7.990381   0.000000   0.000000  -0.000000   0.000000   0.000000   0.000000   0.000000   0.000000   0.000000   0.000000   0.000000   0.000000   0.000000
  0.000000  10.000000   0.000000   0.000000   8.660254   0.000000   0.000000 -12.990381   0.000000   0.000000  -7.500000   0.000000   0.000000   0.000000   0.000000   0.000000   0.000000   0.000000   0.000000   0.000000
  0.000000   0.000000 -20.000000   0.000000   0.000000   0.000000   0.000000   0.000000   0.000000   0.000000   0.000000  -0.000000   0.000000   0.000000  -0.000000   0.000000   0.000000   0.000000   0.000000   0.000000
 -2.628607   0.000000   0.000000   6.875000   0.000000   0.000000 -12.767627   0.000000   0.000000   8.872595   0.000000   0.000000   7.867786   0.000000   0.000000  -6.495191   0.000000   0.000000   0.000000   0.000000
  0.000000  17.320508   0.000000   0.000000  -5.000000   0.000000   0.000000   7.500000   0.000000   0.000000   4.330127   0.000000   0.000000   0.000000   0.000000   0.000000   0.000000   0.000000   0.000000   0.000000
  0.000000   0.000000   0.000000   0.000000   0.000000   8.660254   0.000000   0.000000   6.250000   0.000000   0.000000 -15.155445   0.000000   0.000000  -7.500000   0.000000   0.000000   0.000000   0.000000   0.000000
-10.802881   0.000000   0.000000  -9.742786   0.000000   0.000000 -11.288861   0.000000   0.000000  -5.122595   0.000000   0.000000  -4.542468   0.000000   0.000000   3.750000   0.000000   0.000000   0.000000   0.000000
  0.000000   0.000000   0.000000   0.000000  -6.495191   0.000000   0.000000  -8.247595   0.000000   0.000000   6.785254   0.000000   0.000000 -10.825318   0.000000   0.000000 -11.250000   0.000000   0.000000  -0.000000
  0.000000   0.000000   0.000000   0.000000   0.000000   8.750000   0.000000   0.000000  -6.958734   0.000000   0.000000   9.017627   0.000000   0.000000 -13.917468   0.000000   0.000000   0.000000   0.000000   0.000000
  0.937500   0.000000   0.000000   3.247595   0.000000   0.000000  -1.623798   0.000000   0.000000   7.712341   0.000000   0.000000 -16.952722   0.000000   0.000000  -3.750000   0.000000   0.000000  -5.000000   0.000000
  0.000000   0.000000   0.000000   0.000000  12.680887   0.000000   0.000000   0.715443   0.000000   0.000000  13.403443   0.000000   0.000000   1.314304   0.000000   0.000000  -1.026441   0.000000   0.000000  -7.500000
  0.000000   0.000000   0.000000   0.000000   0.000000  -4.330127   0.000000   0.000000  16.875000   0.000000   0.000000   7.577722   0.000000   0.000000  -6.250000   0.000000   0.000000   0.000000   0.000000   0.000000
 -0.541266   0.000000   0.000000  -1.875000   0.000000   0.000000   0.937500   0.000000   0.000000  -9.452722   0.000000   0.000000   1.127405   0.000000   0.000000 -15.155445   0.000000   0.000000  -8.660254   0.000000
  0.000000   0.000000   0.000000   0.000000   4.151441   0.000000   0.000000   7.488379   0.000000   0.000000  -8.176582   0.000000   0.000000   2.588941   0.000000   0.000000 -15.309494   0.000000   0.000000  -4.330127
  0.000000   0.000000   0.000000   0.000000   0.000000   7.577722   0.000000   0.000000   2.633814   0.000000   0.000000   2.809494   0.000000   0.000000   5.267627   0.000000   0.000000  17.320508   0.000000   0.000000
  3.750000   0.000000   0.000000  12.990381   0.000000   0.000000  -6.495191   0.000000   0.000000 -11.830127   0.000000   0.000000  -3.169873   0.000000   0.000000   5.000000   0.000000   0.000000  -0.000000   0.000000
  0.000000   0.000000   0.000000   0.000000   0.111377   0.000000   0.000000  -3.191907   0.000000   0.000000   5.657152   0.000000   0.000000  12.298877   0.000000   0.000000  -6.146835   0.000000   0.000000  12.990381
  0.000000   0.000000   0.000000   0.000000   0.000000 -13.125000   0.000000   0.000000  -4.561899   0.000000   0.000000  -4.866186   0.000000   0.000000  -9.123798   0.000000   0.000000  10.000000   0.000000   0.000000
  0.000000   0.000000   0.000000   0.000000   0.000000   0.000000   0.000000   0.000000   0.000000  -2.500000   0.000000   0.000000  -4.330127   0.000000   0.000000  -8.660254   0.000000   0.000000  17.320508   0.000000
  0.000000   0.000000   0.000000   0.000000   8.930887   0.000000   0.000000   6.340443   0.000000   0.000000  -0.669470   0.000000   0.000000 -11.095950   0.000000   0.000000   0.468750   0.000000   0.000000  12.500000
