  6.297073   0.000000   0.000000  -8.774637   0.000000   0.000000   4.436298   0.000000   0.000000  16.237976   0.000000   0.000000   0.000000   0.000000   0.000000   0.000000   0.000000   0.000000   0.000000   0.000000
  0.000000  19.330127   0.000000   0.000000  -1.160254   0.000000   0.000000  -0.000000   0.000000   0.000000  -5.000000   0.000000   0.000000  -0.000000   0.000000   0.000000   0.000000   0.000000   0.000000   0.000000
  0.000000   0.000000 -17.320508   0.000000   0.000000  10.000000   0.000000   0.000000   0.000000   0.000000   0.000000   0.000000   0.000000   0.000000   0.000000   0.000000   0.000000   0.000000   0.000000   0.000000
 11.397232   0.000000   0.000000  -3.367990   0.000000   0.000000 -15.976361   0.000000   0.000000  -1.875000   0.000000   0.000000  -0.000000   0.000000   0.000000   0.000000   0.000000   0.000000   0.000000   0.000000
  0.000000   1.160254   0.000000   0.000000 -17.990381   0.000000   0.000000   0.000000   0.000000   0.000000   8.660254   0.000000   0.000000   0.000000   0.000000   0.000000   0.000000   0.000000   0.000000   0.000000
  0.000000   0.000000   8.660254   0.000000   0.000000  15.000000   0.000000   0.000000   4.330127   0.000000   0.000000   5.000000   0.000000   0.000000   7.500000   0.000000   0.000000  -0.000000   0.000000   0.000000
 14.946915   0.000000   0.000000   8.964542   0.000000   0.000000   9.179083   0.000000   0.000000  -3.459936   0.000000   0.000000  -0.000000   0.000000   0.000000   0.000000   0.000000   0.000000   0.000000   0.000000
  0.000000  -4.330127   0.000000   0.000000  -7.500000   0.000000   0.000000   8.995191   0.000000   0.000000 -15.000000   0.000000   0.000000   0.580127   0.000000   0.000000   2.165064   0.000000   0.000000   3.750000
  0.000000   0.000000  -5.000000   0.000000   0.000000  -8.660254   0.000000   0.000000   7.500000   0.000000   0.000000   8.660254   0.000000   0.000000  12.990381   0.000000   0.000000  -0.000000   0.000000   0.000000
  2.297777   0.000000   0.000000 -13.170973   0.000000   0.000000   5.533054   0.000000   0.000000  -9.520032   0.000000   0.000000  -9.162659   0.000000   0.000000   1.746393   0.000000   0.000000   3.604968   0.000000
  0.000000   1.250000   0.000000   0.000000   2.165064   0.000000   0.000000   6.785254   0.000000   0.000000   4.330127   0.000000   0.000000 -16.237976   0.000000   0.000000   4.040064   0.000000   0.000000   6.997595
  0.000000   0.000000   0.000000   0.000000   0.000000   0.000000   0.000000   0.000000  17.320508   0.000000   0.000000   0.000000   0.000000   0.000000 -10.000000   0.000000   0.000000  -0.000000   0.000000   0.000000
  1.326622   0.000000   0.000000  -7.604265   0.000000   0.000000   3.194510   0.000000   0.000000  -5.496393   0.000000   0.000000  15.870191   0.000000   0.000000  -3.024841   0.000000   0.000000  -6.243988   0.000000
  0.000000   0.000000   0.000000   0.000000   0.000000   0.000000   0.000000  -7.500000   0.000000   0.000000   0.000000   0.000000   0.000000   4.330127   0.000000   0.000000  16.160254   0.000000   0.000000   7.990381
  0.000000   0.000000   0.000000   0.000000   0.000000   0.000000   0.000000   0.000000  -5.000000   0.000000   0.000000  17.320508   0.000000   0.000000  -8.660254   0.000000   0.000000   0.000000   0.000000   0.000000
  0.000000   0.000000   0.000000   0.000000   0.000000   0.000000   0.000000   0.000000   0.000000  -0.000000   0.000000   0.000000   6.740381   0.000000   0.000000  16.450318   0.000000   0.000000   9.162659   0.000000
  0.000000   2.165064   0.000000   0.000000   3.750000   0.000000   0.000000  14.072913   0.000000   0.000000   7.500000   0.000000   0.000000  10.535254   0.000000   0.000000   1.997595   0.000000   0.000000   3.459936
  0.000000   0.000000   0.000000   0.000000   0.000000   0.000000   0.000000   0.000000  -0.000000   0.000000   0.000000  -0.000000   0.000000   0.000000  -0.000000   0.000000   0.000000 -20.000000   0.000000   0.000000
  0.000000   0.000000   0.000000   0.000000   0.000000   0.000000   0.000000   0.000000   0.000000   0.000000   0.000000   0.000000  -4.330127   0.000000   0.000000  10.825318   0.000000   0.000000 -16.250000   0.000000
  0.000000   0.000000   0.000000   0.000000   0.000000   0.000000   0.000000  -4.330127   0.000000   0.000000   0.000000   0.000000   0.000000   2.500000   0.000000   0.000000 -10.669873   0.000000   0.000000  16.160254
